x y dx dy
0.000000E0 1.994714E1
3.331111E-2 1.559624E1
6.661111E-2 1.158126E1
9.992222E-2 4.247591E0
1.332222E-1 -3.065378E0
1.665333E-1 -9.699020E0
1.998333E-1 -1.570703E1
2.331444E-1 -2.054607E1
2.664444E-1 -2.330737E1
2.997556E-1 -2.376948E1
3.330556E-1 -2.027061E1
3.663667E-1 -1.547012E1
3.996667E-1 -9.401863E0
4.329778E-1 -3.008303E0
4.662778E-1 3.698654E0
4.995889E-1 9.916524E0
5.328889E-1 1.682802E1
5.662000E-1 2.002431E1
5.995000E-1 2.094593E1
6.328111E-1 1.798773E1
6.661111E-1 1.444601E1
6.994222E-1 9.269164E0
7.327222E-1 3.461984E0
7.660333E-1 -2.531224E0
7.993333E-1 -9.148158E0
8.326444E-1 -1.618403E1
8.659444E-1 -1.959003E1
8.992556E-1 -2.145080E1
9.325556E-1 -2.208192E1
9.658667E-1 -1.805651E1
9.991667E-1 -1.557025E1
1.032478E0 -9.193469E0
1.065778E0 -2.761870E0
1.099089E0 3.556682E0
1.132389E0 9.790338E0
1.165700E0 1.411466E1
1.199000E0 1.649412E1
1.232311E0 1.688223E1
1.265611E0 1.599205E1
1.298922E0 1.415125E1
1.332222E0 9.914624E0
1.365533E0 4.059108E0
1.398833E0 -2.539517E0
1.432144E0 -9.474812E0
1.465444E0 -1.373695E1
1.498756E0 -1.674184E1
1.532056E0 -1.901571E1
1.565367E0 -1.923750E1
1.598667E0 -1.742800E1
1.631978E0 -1.449148E1
1.665278E0 -9.441442E0
1.698589E0 -3.152979E0
1.731889E0 3.189700E0
1.765189E0 1.098395E1
1.798500E0 1.591412E1
1.831800E0 2.036696E1
1.865111E0 2.142459E1
1.898411E0 2.016970E1
1.931722E0 1.576704E1
1.965022E0 9.971593E0
1.998333E0 3.878915E0
2.031633E0 -2.453854E0
2.064944E0 -8.571901E0
2.098244E0 -1.403649E1
2.131556E0 -1.786772E1
2.164856E0 -1.920301E1
2.198167E0 -1.939457E1
2.231467E0 -1.827552E1
2.264778E0 -1.544917E1
2.298078E0 -9.874058E0
2.331389E0 -3.594321E0
2.364689E0 2.995705E0
2.398000E0 8.211201E0
2.431300E0 1.343132E1
2.464611E0 1.685432E1
2.497911E0 1.902258E1
2.531222E0 1.812925E1
2.564522E0 1.488312E1
2.597833E0 1.037996E1
2.631133E0 4.229554E0
2.664444E0 -1.843656E0
2.697744E0 -8.113097E0
2.731056E0 -1.322451E1
2.764356E0 -1.563191E1
2.797667E0 -1.815588E1
2.830967E0 -1.822448E1
2.864278E0 -1.918224E1
2.897578E0 -1.359199E1
2.930889E0 -1.004747E1
2.964189E0 -3.601507E0
2.997500E0 1.805557E0
3.030800E0 8.254351E0
3.064111E0 1.333110E1
3.097411E0 1.633248E1
3.130722E0 1.880523E1
3.164022E0 1.658526E1
3.197333E0 1.404391E1
3.230633E0 1.033352E1
3.263944E0 4.492443E0
3.297244E0 -1.310143E0
3.330556E0 -7.104097E0
3.363856E0 -1.347310E1
3.397167E0 -1.692562E1
3.430467E0 -1.879631E1
3.463778E0 -1.882423E1
3.497078E0 -1.891079E1
3.530389E0 -1.471152E1
3.563689E0 -9.949292E0
3.596989E0 -3.949816E0
3.630300E0 2.315821E0
3.663600E0 8.277560E0
3.696911E0 1.294591E1
3.730211E0 1.610278E1
3.763522E0 1.764638E1
3.796822E0 1.754139E1
3.830133E0 1.409868E1
3.863433E0 9.598733E0
3.896744E0 4.183147E0
3.930044E0 -1.710201E0
3.963356E0 -7.206196E0
3.996656E0 -1.305030E1
4.029967E0 -1.747530E1
4.063267E0 -1.817917E1
4.096578E0 -1.862833E1
4.129878E0 -1.809329E1
4.163189E0 -1.540542E1
4.196489E0 -1.052897E1
4.229800E0 -4.130178E0
4.263100E0 2.111007E0
4.296411E0 7.871541E0
4.329711E0 1.201721E1
4.363022E0 1.657135E1
4.396322E0 1.754523E1
4.429633E0 1.674800E1
4.462933E0 1.391429E1
4.496244E0 9.791841E0
4.529544E0 4.356935E0
4.562856E0 -1.414044E0
4.596156E0 -6.865687E0
4.629467E0 -1.320056E1
4.662767E0 -1.578845E1
4.696078E0 -1.800482E1
4.729378E0 -1.813019E1
4.762689E0 -1.730083E1
4.795989E0 -1.500252E1
4.829300E0 -9.865915E0
4.862600E0 -5.146408E0
4.895911E0 2.168488E0
4.929211E0 7.070785E0
4.962522E0 1.257172E1
4.995822E0 1.491841E1
5.029133E0 1.753815E1
5.062433E0 1.634394E1
5.095744E0 1.304646E1
5.129044E0 9.788939E0
5.162356E0 4.759546E0
5.195656E0 -1.052860E0
5.228967E0 -6.697669E0
5.262267E0 -1.287878E1
5.295578E0 -1.574110E1
5.328878E0 -1.793622E1
5.362189E0 -1.777876E1
5.395489E0 -1.667899E1
5.428789E0 -1.404531E1
5.462100E0 -9.824909E0
5.495400E0 -3.839999E0
5.528711E0 1.520831E0
5.562011E0 6.692797E0
5.595322E0 1.225340E1
5.628622E0 1.483482E1
5.661933E0 1.676303E1
5.695233E0 1.549964E1
5.728544E0 1.267167E1
5.761844E0 9.817081E0
5.795156E0 4.581460E0
5.828456E0 -1.149069E0
5.861767E0 -7.183969E0
5.895067E0 -1.178724E1
5.928378E0 -1.525706E1
5.961678E0 -1.781759E1
5.994989E0 -1.943118E1
6.028289E0 -1.649621E1
6.061600E0 -1.575605E1
6.128211E0 -4.163425E0
6.161511E0 2.095303E-1
6.194822E0 7.719021E0
6.228122E0 1.290464E1
6.261433E0 1.705729E1
6.294733E0 1.869111E1
6.328044E0 1.728091E1
6.361344E0 1.458702E1
6.394656E0 9.792712E0
6.427956E0 4.516795E0
6.461267E0 -1.004375E0
6.494567E0 -6.076122E0
6.527878E0 -1.126850E1
6.561178E0 -1.457474E1
6.594489E0 -1.642033E1
6.627789E0 -1.607789E1
6.661100E0 -1.489978E1
6.694400E0 -1.147753E1
6.727711E0 -7.626453E0
6.761011E0 -2.908024E0
6.794322E0 1.186477E0
6.827622E0 8.106533E0
6.860933E0 1.269844E1
6.894233E0 1.596388E1
6.927544E0 1.762652E1
6.960844E0 1.680852E1
6.994156E0 1.378747E1
7.027456E0 1.052596E1
7.060767E0 5.305557E0
7.094067E0 -4.082431E-1
7.127378E0 -5.732333E0
7.160678E0 -1.024508E1
7.193989E0 -1.359914E1
7.227289E0 -1.557611E1
7.260589E0 -1.572753E1
7.293900E0 -1.483519E1
7.327200E0 -1.171361E1
7.360511E0 -7.539604E0
7.393811E0 -3.385686E0
7.427122E0 2.378036E0
7.460422E0 7.022598E0
7.493733E0 1.282374E1
7.527033E0 1.611417E1
7.560344E0 1.760653E1
7.593644E0 1.729470E1
7.626956E0 1.330071E1
7.660256E0 1.025941E1
7.693567E0 4.708431E0
7.726867E0 -5.976115E-1
7.760178E0 -5.259993E0
7.793478E0 -9.871265E0
7.826789E0 -1.296522E1
7.860089E0 -1.477670E1
7.893400E0 -1.529223E1
7.926700E0 -1.416612E1
7.960011E0 -1.143648E1
7.993311E0 -8.457949E0
8.026622E0 -2.716324E0
8.059922E0 2.489211E0
8.093233E0 7.383484E0
8.126533E0 1.255898E1
8.159844E0 1.576513E1
8.193144E0 1.772532E1
8.226456E0 1.641578E1
8.259756E0 1.357555E1
8.293067E0 9.573246E0
8.326367E0 3.906276E0
8.359678E0 -1.441316E0
8.392978E0 -6.018746E0
8.426289E0 -1.137506E1
8.459589E0 -1.263323E1
8.492900E0 -1.498806E1
8.526200E0 -1.528571E1
8.559511E0 -1.340787E1
8.592811E0 -1.208501E1
8.626122E0 -8.154541E0
8.659422E0 -3.634860E0
8.692733E0 2.409393E0
8.726033E0 6.586610E0
8.759344E0 1.143061E1
8.792644E0 1.523014E1
8.825956E0 1.647858E1
8.859256E0 1.598284E1
8.892567E0 1.282705E1
8.925867E0 9.490840E0
8.959178E0 4.393320E0
8.992478E0 -2.728433E-1
9.025789E0 -6.059278E0
9.059089E0 -9.461587E0
9.092389E0 -1.233280E1
9.125700E0 -1.474560E1
9.159000E0 -1.494698E1
9.192311E0 -1.371851E1
9.225611E0 -1.104669E1
9.258922E0 -7.150725E0
9.292222E0 -2.909403E0
9.325533E0 2.016037E0
9.358833E0 7.546762E0
9.392144E0 1.130629E1
9.425444E0 1.559301E1
9.458756E0 1.639161E1
9.492056E0 1.569521E1
9.525367E0 1.303588E1
9.558667E0 8.822560E0
9.591978E0 4.641424E0
9.625278E0 -3.443956E-1
9.658589E0 -6.015368E0
9.691889E0 -9.391889E0
9.725200E0 -1.261035E1
9.758500E0 -1.430196E1
9.791811E0 -1.457861E1
9.825111E0 -1.340714E1
9.858422E0 -1.095095E1
9.891722E0 -7.634706E0
9.925033E0 -2.679009E0
9.958333E0 2.601982E0
9.991644E0 6.164399E0
1.002494E1 1.147654E1
1.005826E1 1.506283E1
1.009156E1 1.637657E1
1.012487E1 1.543865E1
1.015817E1 1.291496E1
1.019148E1 8.870848E0
1.022478E1 3.253042E0
1.025809E1 -1.390305E0
1.029139E1 -5.849420E0
1.032470E1 -8.785540E0
1.035800E1 -1.245675E1
1.039131E1 -1.451519E1
1.042461E1 -1.462862E1
1.045792E1 -1.290901E1
1.049122E1 -1.038102E1
1.052453E1 -6.839293E0
1.055783E1 -1.934983E0
1.059114E1 2.392714E0
1.062444E1 7.219316E0
1.065776E1 1.137345E1
1.069106E1 1.397704E1
1.072437E1 1.562655E1
1.075767E1 1.478853E1
1.079098E1 1.257158E1
1.082428E1 8.349017E0
1.085759E1 3.911504E0
1.089089E1 -1.423998E0
1.092419E1 -5.327746E0
1.095750E1 -8.855679E0
1.099080E1 -1.195063E1
1.102411E1 -1.409862E1
1.105741E1 -1.412666E1
1.109072E1 -1.251695E1
1.112402E1 -1.075564E1
1.115733E1 -6.543677E0
1.119063E1 -2.420316E0
1.122394E1 2.355299E0
1.125724E1 7.421880E0
1.129056E1 1.176299E1
1.132386E1 1.439027E1
1.135717E1 1.573250E1
1.139047E1 1.448637E1
1.142378E1 1.149132E1
1.145708E1 7.796946E0
1.149039E1 3.252611E0
1.152369E1 -1.129848E0
1.155700E1 -5.773456E0
1.159030E1 -9.264586E0
1.162361E1 -1.185102E1
1.165691E1 -1.376066E1
1.169022E1 -1.374385E1
1.172352E1 -1.258734E1
1.175683E1 -9.651080E0
1.179013E1 -6.188461E0
1.182344E1 -3.088102E0
1.185674E1 2.901485E0
1.189006E1 6.603682E0
1.192336E1 1.138954E1
1.195667E1 1.394616E1
1.198997E1 1.511569E1
1.202328E1 1.465750E1
1.205658E1 1.209494E1
1.208989E1 7.910686E0
1.212319E1 3.473739E0
1.215650E1 -9.888523E-1
1.218980E1 -5.002845E0
1.222311E1 -8.491933E0
1.225641E1 -1.163535E1
1.228972E1 -1.335572E1
1.232302E1 -1.337168E1
1.235633E1 -1.229550E1
1.238963E1 -9.119830E0
1.242294E1 -5.967743E0
1.245624E1 -1.366309E0
1.248956E1 2.912017E0
1.252286E1 6.851370E0
1.255617E1 1.126237E1
1.258947E1 1.421891E1
1.262278E1 1.520518E1
1.265608E1 1.428354E1
1.268939E1 1.136610E1
1.272269E1 8.336980E0
1.275599E1 3.786788E0
1.278930E1 -1.703144E0
1.282260E1 -5.355774E0
1.285591E1 -8.758186E0
1.288921E1 -1.179961E1
1.292252E1 -1.337163E1
1.295582E1 -1.323460E1
1.298913E1 -1.204597E1
1.302243E1 -9.913033E0
1.305574E1 -6.330787E0
1.308904E1 -1.233895E0
1.312236E1 2.436651E0
1.315566E1 6.877533E0
1.318897E1 1.130034E1
1.322227E1 1.381336E1
1.325558E1 1.466879E1
1.328888E1 1.309040E1
1.332219E1 1.116173E1
1.335549E1 7.482838E0
1.338880E1 3.187561E0
1.342210E1 -1.168872E0
1.345541E1 -5.542463E0
1.348871E1 -8.582357E0
1.352202E1 -1.140691E1
1.355532E1 -1.294842E1
1.358863E1 -1.291372E1
1.362193E1 -1.197831E1
1.365524E1 -8.699541E0
1.368854E1 -5.443940E0
1.372186E1 -8.975605E-1
1.375516E1 1.816299E0
1.378847E1 6.988065E0
1.382177E1 1.127933E1
1.385508E1 1.344597E1
1.388838E1 1.442983E1
1.392169E1 1.346839E1
1.395499E1 1.050006E1
1.398830E1 6.778835E0
1.402160E1 2.645907E0
1.405491E1 -1.872893E0
1.408821E1 -5.048150E0
1.412152E1 -9.163268E0
1.415482E1 -1.195363E1
1.418813E1 -1.264378E1
1.422143E1 -1.267963E1
1.425474E1 -1.176703E1
1.428804E1 -8.987346E0
1.432136E1 -5.090801E0
1.435466E1 -1.645628E0
1.438797E1 2.188955E0
1.442127E1 7.208959E0
1.445458E1 1.124239E1
1.448788E1 1.322744E1
1.452119E1 1.436309E1
1.455449E1 1.328444E1
1.458779E1 1.056523E1
1.462110E1 6.111825E0
1.465440E1 3.095960E0
1.468771E1 -1.941214E0
1.472101E1 -5.049521E0
1.475432E1 -8.370547E0
1.478762E1 -1.043701E1
1.482093E1 -1.242339E1
1.485423E1 -1.240206E1
1.488754E1 -1.067269E1
1.492084E1 -8.648014E0
1.495416E1 -5.643999E0
1.498746E1 -6.339867E-1
1.502077E1 3.715283E0
1.505407E1 8.260931E0
1.508738E1 1.132975E1
1.512068E1 1.310679E1
1.515399E1 1.363914E1
1.518729E1 1.330200E1
1.522060E1 1.003835E1
1.525390E1 5.999516E0
1.528721E1 2.674265E0
1.532051E1 -2.119559E0
1.535382E1 -5.353290E0
1.538712E1 -9.312906E0
1.542043E1 -1.122255E1
1.545373E1 -1.253371E1
1.548704E1 -1.255932E1
1.552034E1 -1.088813E1
1.555366E1 -8.315770E0
1.558696E1 -4.466160E0
1.562027E1 -1.249111E0
1.565357E1 3.599629E0
1.568688E1 7.670011E0
1.572018E1 1.146887E1
1.575349E1 1.327064E1
1.578679E1 1.365417E1
1.582010E1 1.270166E1
1.585340E1 9.754158E0
1.588671E1 6.921237E0
1.592001E1 2.905632E0
1.595332E1 -1.712895E0
1.598662E1 -5.004135E0
1.601993E1 -8.826633E0
1.605323E1 -1.115310E1
1.608654E1 -1.249586E1
1.611984E1 -1.247746E1
1.615316E1 -1.080355E1
1.618646E1 -7.659155E0
1.621977E1 -4.161438E0
1.625307E1 -6.215337E-2
1.628638E1 3.881598E0
1.631968E1 7.817874E0
1.635299E1 1.111579E1
1.638629E1 1.314241E1
1.641959E1 1.328355E1
1.645290E1 1.198211E1
1.648620E1 9.408656E0
1.651951E1 5.431204E0
1.655281E1 2.029538E0
1.658612E1 -2.294643E0
1.661942E1 -5.473319E0
1.665273E1 -8.999115E0
1.668603E1 -1.165211E1
1.671934E1 -1.254088E1
1.675264E1 -1.243474E1
1.678596E1 -1.006207E1
1.681926E1 -7.386149E0
1.685257E1 -4.432543E0
1.688587E1 -9.316123E-1
1.691918E1 4.212838E0
1.695248E1 7.496918E0
1.698579E1 1.043689E1
1.701909E1 1.244591E1
1.705240E1 1.271109E1
1.708570E1 1.164820E1
1.711901E1 9.427452E0
1.715231E1 5.633073E0
1.718562E1 1.698006E0
1.721892E1 -2.225594E0
1.725223E1 -5.206080E0
1.728553E1 -9.146677E0
1.731884E1 -1.060919E1
1.735214E1 -1.177488E1
1.738546E1 -1.173316E1
1.741876E1 -9.480073E0
1.745207E1 -7.067829E0
1.748537E1 -4.019767E0
1.751868E1 -6.973607E-1
1.755198E1 3.821504E0
1.758529E1 7.482981E0
1.761859E1 1.033530E1
1.765190E1 1.250526E1
1.768520E1 1.249462E1
1.771851E1 1.061675E1
1.775181E1 9.030189E0
1.778512E1 5.172630E0
1.781842E1 1.388782E0
1.785173E1 -2.591954E0
1.788503E1 -6.369143E0
1.791834E1 -8.932684E0
1.795164E1 -1.112062E1
1.798496E1 -1.186757E1
1.801826E1 -1.170684E1
1.805157E1 -9.763721E0
1.808487E1 -7.028965E0
1.811818E1 -3.768321E0
1.815148E1 -4.037716E-1
1.818479E1 4.618471E0
1.821809E1 7.703515E0
1.825139E1 1.030573E1
1.828470E1 1.204819E1
1.831800E1 1.210962E1
1.835131E1 1.132046E1
1.838461E1 8.631401E0
1.841792E1 3.916952E0
1.845122E1 8.309461E-1
1.848453E1 -3.051228E0
1.851783E1 -6.230373E0
1.855114E1 -8.700948E0
1.858444E1 -1.088899E1
1.861776E1 -1.167543E1
1.865106E1 -1.151151E1
1.868437E1 -9.129525E0
1.871767E1 -6.844716E0
1.875098E1 -2.661843E0
1.878428E1 5.737645E-1
1.881759E1 4.146443E0
1.885089E1 6.875714E0
1.888420E1 1.076506E1
1.891750E1 1.189174E1
1.895081E1 1.190374E1
1.898411E1 1.025335E1
1.901742E1 8.382439E0
1.905072E1 4.487749E0
1.908403E1 4.127486E-1
1.911733E1 -2.874812E0
1.915064E1 -6.354359E0
1.918394E1 -8.754766E0
1.921726E1 -1.091281E1
1.925056E1 -1.084336E1
1.928387E1 -1.066887E1
1.931717E1 -8.702862E0
1.935048E1 -5.699563E0
1.938378E1 -2.292870E0
1.941709E1 9.057064E-1
1.945039E1 5.145805E0
1.948370E1 8.222980E0
1.951700E1 1.088784E1
1.955031E1 1.233773E1
1.958361E1 1.226592E1
1.961692E1 1.042300E1
1.965022E1 8.219800E0
1.968353E1 4.612479E0
1.971683E1 6.728528E-1
1.975014E1 -2.657601E0
1.978344E1 -6.674034E0
1.981676E1 -8.425520E0
1.985006E1 -9.753653E0
1.988337E1 -1.032997E1
1.991667E1 -1.010894E1
1.994998E1 -7.863619E0
1.998328E1 -5.442864E0
2.001659E1 -1.671434E0
2.004989E1 6.989212E-1
2.008319E1 4.453625E0
2.011650E1 7.384254E0
2.014980E1 1.088452E1
2.018311E1 1.182821E1
2.021641E1 1.174752E1
2.024972E1 1.016768E1
2.028302E1 7.385422E0
2.031633E1 4.213420E0
2.034963E1 9.405521E-1
2.038294E1 -3.161006E0
2.041624E1 -6.072371E0
2.044956E1 -8.724974E0
2.048286E1 -1.031165E1
2.051617E1 -1.057473E1
2.054947E1 -9.858691E0
2.058278E1 -7.948530E0
2.061608E1 -5.064710E0
2.064939E1 -1.820516E0
2.068269E1 1.342969E0
2.071600E1 5.267142E0
2.074930E1 8.442377E0
2.078261E1 1.064572E1
2.081591E1 1.129334E1
2.084922E1 1.125989E1
2.088252E1 9.780059E0
2.091583E1 6.794373E0
2.094913E1 3.155112E0
2.098244E1 -4.142307E-1
2.101574E1 -3.378047E0
2.104906E1 -6.080995E0
2.108236E1 -8.596189E0
2.111567E1 -1.022791E1
2.114897E1 -1.041130E1
2.118228E1 -1.008356E1
2.121558E1 -7.883919E0
2.124889E1 -5.827779E0
2.128219E1 -2.339016E0
2.131550E1 1.513989E0
2.134880E1 5.515373E0
2.138211E1 7.961209E0
2.141541E1 1.022250E1
2.144872E1 1.146317E1
2.148202E1 1.109766E1
2.151533E1 9.156021E0
2.154863E1 5.452096E0
2.158194E1 3.020962E0
2.161524E1 9.578089E-2
2.164856E1 -3.608723E0
2.168186E1 -6.581406E0
2.171517E1 -7.861553E0
2.174847E1 -1.009538E1
2.178178E1 -1.023022E1
2.181508E1 -9.507577E0
2.184839E1 -7.817879E0
2.188169E1 -4.786457E0
2.191499E1 -1.360312E0
2.194830E1 1.204117E0
2.198160E1 5.609619E0
2.201491E1 8.316527E0
2.204821E1 1.011662E1
2.208152E1 1.114446E1
2.211482E1 1.058411E1
2.214813E1 8.857573E0
2.218143E1 5.898748E0
2.221474E1 3.201822E0
2.224804E1 -9.374488E-1
2.228136E1 -4.103410E0
2.231466E1 -6.053921E0
2.234797E1 -9.301750E0
2.238127E1 -9.872495E0
2.241458E1 -9.858938E0
2.244788E1 -8.380683E0
2.248119E1 -7.314049E0
2.251449E1 -4.343873E0
2.254780E1 -1.410753E0
2.258110E1 2.382306E0
2.261441E1 5.914945E0
2.264771E1 8.322933E0
2.268102E1 1.055573E1
2.271432E1 1.154017E1
2.274763E1 1.064450E1
2.278093E1 8.613609E0
2.281424E1 6.459857E0
2.284754E1 2.919064E0
2.288086E1 -8.231838E-1
2.291416E1 -3.812397E0
2.294747E1 -6.609203E0
2.298077E1 -8.154227E0
2.301408E1 -9.573129E0
2.304738E1 -9.545141E0
2.308069E1 -8.784151E0
2.311399E1 -7.194754E0
2.314730E1 -3.697973E0
2.318060E1 -1.104486E0
2.321391E1 2.295759E0
2.324721E1 5.245443E0
2.328052E1 8.226014E0
2.331382E1 1.025520E1
2.334713E1 1.121275E1
2.338043E1 1.022060E1
2.341374E1 8.618906E0
2.344704E1 6.083886E0
2.348036E1 2.680644E0
2.351366E1 -5.612943E-1
2.354697E1 -3.463557E0
2.358027E1 -6.102254E0
2.361358E1 -8.056589E0
2.364688E1 -9.476367E0
2.368019E1 -9.465520E0
2.371349E1 -8.082119E0
2.374679E1 -6.638760E0
2.378010E1 -3.484197E0
2.381340E1 -3.720579E-1
2.384671E1 2.130032E0
2.388001E1 5.801148E0
2.391332E1 8.697391E0
2.394662E1 9.756900E0
2.397993E1 1.079633E1
2.401323E1 9.723768E0
2.404654E1 8.127959E0
2.407984E1 5.893108E0
2.411316E1 2.389975E0
2.414646E1 -7.351397E-1
2.417977E1 -4.044985E0
2.421307E1 -6.260002E0
2.424638E1 -8.446747E0
2.427968E1 -9.205275E0
2.431299E1 -9.251518E0
2.434629E1 -7.837246E0
2.437960E1 -6.336000E0
2.441290E1 -3.031002E0
2.444621E1 4.517366E-2
2.447951E1 3.347562E0
2.451282E1 6.205280E0
2.454612E1 8.412262E0
2.457943E1 1.016909E1
2.461273E1 1.046411E1
2.464604E1 9.560898E0
2.467934E1 7.261487E0
2.471266E1 5.160941E0
2.474596E1 1.776793E0
2.477927E1 -9.600209E-1
2.481257E1 -4.067958E0
2.484588E1 -7.076036E0
2.487918E1 -8.014566E0
2.491249E1 -9.324686E0
2.494579E1 -9.228634E0
2.497910E1 -8.154149E0
2.501240E1 -6.137225E0
2.504571E1 -3.527601E0
2.507901E1 -7.844265E-1
2.511232E1 3.008969E0
2.514562E1 5.999978E0
2.517893E1 8.414969E0
2.521223E1 9.532482E0
2.524554E1 9.574752E0
2.527884E1 9.484429E0
2.531216E1 7.105810E0
2.534546E1 3.562948E0
2.537877E1 3.662015E-1
2.541207E1 -1.747755E0
2.544538E1 -4.663928E0
2.547868E1 -6.775871E0
2.551199E1 -8.046608E0
2.554529E1 -9.291934E0
2.557859E1 -9.226878E0
2.561190E1 -7.340761E0
2.564520E1 -5.731283E0
2.567851E1 -2.591574E0
2.571181E1 8.447292E-1
2.574512E1 3.530551E0
2.577842E1 6.020851E0
2.581173E1 8.637190E0
2.584503E1 9.710876E0
2.587834E1 9.726030E0
2.591164E1 9.208372E0
2.594496E1 7.034791E0
2.597826E1 3.381680E0
2.601157E1 1.039358E0
2.604487E1 -2.041299E0
2.607818E1 -4.646616E0
2.611148E1 -6.781188E0
2.614479E1 -8.473738E0
2.617809E1 -8.334051E0
2.621140E1 -8.202794E0
2.624470E1 -7.055943E0
2.627801E1 -5.280528E0
2.631131E1 -2.346874E0
2.634462E1 8.223975E-1
2.637792E1 3.836828E0
2.641123E1 6.860808E0
2.644453E1 8.611827E0
2.647784E1 9.542834E0
2.651114E1 9.542783E0
2.654446E1 8.632873E0
2.657776E1 6.499811E0
2.661107E1 3.474132E0
2.664437E1 6.422108E-1
2.667768E1 -1.759585E0
2.671098E1 -4.608811E0
2.674429E1 -6.845193E0
2.677759E1 -8.045018E0
2.681090E1 -8.677075E0
2.684420E1 -7.938528E0
2.687751E1 -6.789050E0
2.691081E1 -4.569436E0
2.694412E1 -1.443653E0
2.697742E1 1.111176E0
2.701073E1 4.178658E0
2.704403E1 6.932033E0
2.707734E1 8.614067E0
2.711064E1 9.363536E0
2.714396E1 9.269188E0
2.717726E1 8.339938E0
2.721057E1 6.358762E0
2.724387E1 3.540508E0
2.727718E1 6.770058E-1
2.731048E1 -2.209913E0
2.734379E1 -4.661559E0
2.737709E1 -6.395346E0
2.741039E1 -8.717288E0
2.744370E1 -8.517078E0
2.747700E1 -7.390072E0
2.751031E1 -6.501515E0
2.754361E1 -4.008122E0
2.757692E1 -1.451305E0
2.761022E1 1.420550E0
2.764353E1 3.704106E0
2.767683E1 6.726074E0
2.771014E1 8.108691E0
2.774344E1 9.293455E0
2.777676E1 9.165408E0
2.781006E1 7.963406E0
2.784337E1 6.058664E0
2.787667E1 2.854553E0
2.790998E1 4.151357E-1
2.794328E1 -2.919722E0
2.797659E1 -5.526536E0
2.800989E1 -6.302471E0
2.804320E1 -8.697227E0
2.807650E1 -8.773365E0
2.810981E1 -7.331862E0
2.814311E1 -6.086920E0
2.817642E1 -3.543547E0
2.820972E1 -1.141206E0
2.824303E1 1.248450E0
2.827633E1 3.751297E0
2.830964E1 7.201335E0
2.834294E1 7.647260E0
2.837626E1 9.318132E0
2.840956E1 9.180273E0
2.844287E1 7.276220E0
2.847617E1 4.739091E0
2.850948E1 2.067093E0
2.854278E1 -6.139194E-1
2.857609E1 -2.147352E0
2.860939E1 -4.928104E0
2.864270E1 -6.757895E0
2.867600E1 -7.857789E0
2.870931E1 -7.855417E0
2.874261E1 -6.894749E0
2.877592E1 -5.826746E0
2.880922E1 -3.751092E0
2.884253E1 -1.613578E0
2.887583E1 1.450803E0
2.890914E1 4.226067E0
2.894244E1 6.715751E0
2.897576E1 8.460594E0
2.900906E1 9.066776E0
2.904237E1 8.611761E0
2.907567E1 7.452580E0
2.910898E1 5.466470E0
2.914228E1 2.839678E0
2.917559E1 -6.215866E-1
2.920889E1 -2.976810E0
2.924219E1 -5.549021E0
2.927550E1 -6.733560E0
2.930880E1 -7.720997E0
2.934211E1 -7.690939E0
2.940872E1 -5.103776E0
2.944202E1 -2.711461E0
2.947533E1 -3.765838E-1
2.950863E1 2.217953E0
2.954194E1 4.776325E0
2.957524E1 6.676336E0
2.960856E1 8.469983E0
2.964186E1 8.853418E0
2.967517E1 8.372225E0
2.970847E1 6.726143E0
2.974178E1 4.655868E0
2.977508E1 2.222052E0
2.980839E1 -3.772766E-1
2.984169E1 -3.135453E0
2.987500E1 -4.957576E0
2.990830E1 -6.790195E0
2.994161E1 -7.341596E0
2.997491E1 -7.371095E0
3.000822E1 -6.548119E0
3.004152E1 -5.065697E0
3.007483E1 -2.467649E0
3.010813E1 9.064672E-2
3.014144E1 3.046798E0
3.017474E1 5.511407E0
3.020806E1 7.226219E0
3.024136E1 8.736505E0
3.027467E1 8.647344E0
3.030797E1 8.033373E0
3.034128E1 6.859891E0
3.037458E1 4.401536E0
3.040789E1 1.818763E0
3.044119E1 -7.504931E-1
3.047450E1 -3.618357E0
3.050780E1 -5.296227E0
3.054111E1 -6.793189E0
3.057441E1 -7.372716E0
3.060772E1 -7.304842E0
3.064102E1 -6.097261E0
3.067433E1 -4.794797E0
3.070763E1 -2.578724E0
3.074094E1 2.166484E-1
3.077424E1 2.531757E0
3.080756E1 5.156853E0
3.084086E1 7.211332E0
3.087417E1 8.477743E0
3.090747E1 8.562879E0
3.094078E1 7.550009E0
3.097408E1 5.948084E0
3.100739E1 4.010796E0
3.104069E1 1.619461E0
3.107399E1 -1.587247E0
3.110730E1 -3.670506E0
3.114060E1 -5.270038E0
3.117391E1 -7.120790E0
3.120721E1 -7.697690E0
3.124052E1 -7.604699E0
3.127382E1 -5.880423E0
3.130713E1 -4.121028E0
3.134043E1 -1.987188E0
3.137374E1 -6.886186E-2
3.140704E1 2.681858E0
3.144036E1 5.265259E0
3.147366E1 6.530808E0
3.150697E1 8.075592E0
3.154027E1 8.044621E0
3.157358E1 7.259737E0
3.160688E1 5.516412E0
3.164019E1 3.040187E0
3.167349E1 9.707881E-1
3.170680E1 -1.658271E0
3.174010E1 -3.436295E0
3.177341E1 -5.306475E0
3.180671E1 -7.020028E0
3.184002E1 -7.442998E0
3.187332E1 -7.262608E0
3.190663E1 -5.746949E0
3.193993E1 -3.842434E0
3.197324E1 -1.891074E0
3.200654E1 1.009485E0
3.203986E1 3.448055E0
3.207316E1 4.992021E0
3.210647E1 7.096662E0
3.213977E1 7.964695E0
3.217308E1 7.974181E0
3.220638E1 6.954607E0
3.223969E1 5.401892E0
3.227299E1 3.339045E0
3.230630E1 6.699866E-1
3.233960E1 -9.589773E-1
3.237291E1 -3.519405E0
3.240621E1 -5.512001E0
3.243952E1 -6.733808E0
3.247282E1 -6.897833E0
3.250613E1 -6.262766E0
3.253943E1 -5.274705E0
3.257274E1 -3.101813E0
3.260604E1 -1.193594E0
3.263936E1 9.407121E-1
3.267266E1 3.365961E0
3.270597E1 5.725589E0
3.273927E1 7.373019E0
3.277258E1 7.793363E0
3.280588E1 7.781600E0
3.283919E1 6.675315E0
3.287249E1 4.866998E0
3.290579E1 3.001685E0
3.293910E1 6.124004E-1
3.297240E1 -2.009789E0
3.300571E1 -3.708810E0
3.303901E1 -5.826870E0
3.307232E1 -6.366703E0
3.310562E1 -6.348281E0
3.313893E1 -6.148447E0
3.317223E1 -4.542401E0
3.320554E1 -3.368222E0
3.323884E1 -1.106725E0
3.327216E1 1.219835E0
3.330546E1 3.718956E0
3.333877E1 5.871998E0
3.337207E1 7.342091E0
3.340538E1 8.158909E0
3.343868E1 8.136436E0
3.347199E1 6.701233E0
3.350529E1 4.916543E0
3.353860E1 3.283121E0
3.357190E1 6.491338E-1
3.360521E1 -1.824281E0
3.363851E1 -3.617150E0
3.367182E1 -6.114133E0
3.370512E1 -6.091368E0
3.373843E1 -6.120258E0
3.377173E1 -6.062960E0
3.380504E1 -4.732866E0
3.383834E1 -2.943197E0
3.387166E1 -5.555194E-1
3.390496E1 2.155137E0
3.393827E1 4.184836E0
3.397157E1 6.035727E0
3.400488E1 7.609555E0
3.403818E1 8.101507E0
3.407149E1 7.999509E0
3.410479E1 6.538854E0
3.413810E1 4.698260E0
3.417140E1 2.775823E0
3.420471E1 3.015930E-1
3.423801E1 -2.050317E0
3.427132E1 -3.613772E0
3.430462E1 -5.290329E0
3.433793E1 -6.283066E0
3.437123E1 -6.310826E0
3.440454E1 -5.655918E0
3.443784E1 -4.180177E0
3.447116E1 -2.358646E0
3.450446E1 -7.304478E-2
3.453777E1 2.326295E0
3.457107E1 4.449798E0
3.460438E1 6.104623E0
3.463768E1 7.387001E0
3.467099E1 7.840888E0
3.470429E1 7.410267E0
3.473759E1 6.307603E0
3.477090E1 4.111895E0
3.480420E1 2.359411E0
3.483751E1 4.300483E-3
3.487081E1 -2.169143E0
3.490412E1 -4.331166E0
3.493742E1 -5.001366E0
3.497073E1 -6.118296E0
3.500403E1 -6.071426E0
3.503734E1 -5.011114E0
3.507064E1 -3.652961E0
3.510396E1 -1.374753E0
3.513726E1 6.177904E-1
3.517057E1 2.788377E0
3.520387E1 4.705080E0
3.523718E1 6.403744E0
3.527048E1 7.387994E0
3.530379E1 7.565247E0
3.533709E1 6.873216E0
3.537040E1 5.891976E0
3.540370E1 3.890000E0
3.543701E1 1.529100E0
3.550362E1 -2.674906E0
3.553692E1 -3.946981E0
3.557023E1 -5.255777E0
3.560353E1 -6.070981E0
3.563684E1 -6.044796E0
3.567014E1 -5.071016E0
3.570346E1 -3.537917E0
3.573676E1 -1.600227E0
3.577007E1 7.803250E-1
3.580337E1 2.964649E0
3.583668E1 5.139450E0
3.586998E1 6.184877E0
3.590329E1 6.985458E0
3.593659E1 7.007158E0
3.596990E1 6.517791E0
3.600320E1 5.363415E0
3.603651E1 3.460611E0
3.606981E1 1.358660E0
3.610312E1 -5.785801E-1
3.613642E1 -2.751277E0
3.616973E1 -4.478644E0
3.620303E1 -5.120057E0
3.623634E1 -5.798942E0
3.626964E1 -5.792979E0
3.630296E1 -4.645859E0
3.633626E1 -3.244295E0
3.636957E1 -8.321095E-1
3.640287E1 1.025532E0
3.643618E1 2.798534E0
3.646948E1 4.688491E0
3.650279E1 5.850955E0
3.653609E1 7.054862E0
3.656939E1 7.030097E0
3.660270E1 6.508451E0
3.663600E1 5.053621E0
3.666931E1 3.067168E0
3.670261E1 1.098823E0
3.673592E1 -1.077661E0
3.676922E1 -3.409245E0
3.680253E1 -5.036441E0
3.683583E1 -5.553539E0
3.686914E1 -5.604272E0
3.690244E1 -5.456574E0
3.693576E1 -4.631793E0
3.696906E1 -3.222272E0
3.700237E1 -1.227588E0
3.703567E1 8.963575E-1
3.706898E1 2.800584E0
3.710228E1 4.887868E0
3.713559E1 6.458343E0
3.716889E1 7.123244E0
3.720220E1 7.154755E0
3.723550E1 6.305622E0
3.726881E1 4.860274E0
3.730211E1 2.729002E0
3.733542E1 1.287307E0
3.736872E1 -1.001693E0
3.740203E1 -2.679634E0
3.743533E1 -4.555043E0
3.746864E1 -5.646055E0
3.750194E1 -5.629803E0
3.753526E1 -5.425770E0
3.756856E1 -4.435851E0
3.760187E1 -2.877043E0
3.763517E1 -7.432513E-1
3.766848E1 -6.945717E-1
3.770178E1 3.186546E0
3.773509E1 5.180825E0
3.776839E1 6.532917E0
3.780170E1 6.921469E0
3.783500E1 6.919910E0
3.786831E1 5.977229E0
3.790161E1 4.545131E0
3.793492E1 2.384436E0
3.796822E1 5.331009E-1
3.800153E1 -1.833854E0
3.803483E1 -3.540225E0
3.806814E1 -4.765503E0
3.810144E1 -5.345322E0
3.813476E1 -5.307642E0
3.816806E1 -4.960891E0
3.820137E1 -3.899951E0
3.823467E1 -2.169611E0
3.826798E1 -4.316098E-1
3.830128E1 1.409266E0
3.833459E1 3.392734E0
3.836789E1 3.612859E0
3.840119E1 6.236369E0
3.843450E1 6.918055E0
3.846780E1 6.903371E0
3.850111E1 5.631280E0
3.853441E1 4.061142E0
3.856772E1 2.165943E0
3.860102E1 5.790420E-1
3.863433E1 -1.380528E0
3.866763E1 -3.246711E0
3.870094E1 -4.584735E0
3.873424E1 -5.463010E0
3.876756E1 -5.524395E0
3.880086E1 -4.847340E0
3.883417E1 -3.552405E0
3.886747E1 -2.192451E0
3.890078E1 -1.653068E-1
3.893408E1 1.516300E0
3.896739E1 3.910373E0
3.900069E1 5.689962E0
3.903400E1 6.526626E0
3.906730E1 6.536813E0
3.910061E1 6.353321E0
3.913391E1 5.307642E0
3.916722E1 3.788548E0
3.920052E1 1.607803E0
3.923383E1 2.370578E-1
3.926713E1 -1.759183E0
3.930044E1 -3.411818E0
3.933374E1 -4.335837E0
3.936706E1 -4.984266E0
3.940036E1 -5.002218E0
3.943367E1 -4.769506E0
3.946697E1 -3.142222E0
3.950028E1 -1.524578E0
3.953358E1 1.304472E-1
3.956689E1 2.429778E0
3.960019E1 3.869738E0
3.963350E1 5.536063E0
3.966680E1 6.374484E0
3.970011E1 6.474303E0
3.973341E1 6.353304E0
3.976672E1 5.172925E0
3.980002E1 3.445308E0
3.983333E1 1.576322E0
3.986663E1 -3.593934E-1
3.989994E1 -2.281539E0
3.993324E1 -3.815504E0
3.996656E1 -4.665816E0
3.999986E1 -5.371298E0
4.003317E1 -5.295073E0
4.006647E1 -4.382434E0
4.009978E1 -3.108576E0
4.013308E1 -1.131726E0
4.016639E1 2.974232E-1
4.019969E1 2.230975E0
4.023299E1 3.958214E0
4.026630E1 5.460270E0
4.029960E1 5.803768E0
4.033291E1 5.795461E0
4.036621E1 5.388851E0
4.039952E1 4.645255E0
4.043282E1 3.015669E0
4.046613E1 1.087827E0
4.049943E1 -5.926723E-1
4.053274E1 -1.950590E0
4.056604E1 -3.308092E0
4.059936E1 -4.761166E0
4.063266E1 -4.842869E0
4.066597E1 -4.808151E0
4.069927E1 -4.075264E0
4.073258E1 -2.829267E0
4.076588E1 -8.843665E-1
4.079919E1 7.991767E-1
4.083249E1 2.362618E0
4.086580E1 4.220442E0
4.089910E1 5.467039E0
4.093241E1 6.126621E0
4.096571E1 6.188410E0
4.099902E1 5.565480E0
4.103232E1 4.255231E0
4.106563E1 2.772919E0
4.109893E1 8.792765E-1
4.113224E1 -9.363946E-1
4.116554E1 -2.255454E0
4.119886E1 -3.813479E0
4.123216E1 -5.319501E0
4.126547E1 -5.218214E0
4.129877E1 -5.152991E0
4.133208E1 -3.956819E0
4.136538E1 -2.593875E0
4.139869E1 -1.402173E0
4.143199E1 5.222062E-1
4.146530E1 2.415295E0
4.149860E1 4.047799E0
4.153191E1 5.159233E0
4.156521E1 5.659606E0
4.159852E1 5.665164E0
4.163182E1 4.935810E0
4.166513E1 3.582968E0
4.169843E1 2.025833E0
4.173174E1 -1.072293E-1
4.176504E1 -1.216245E0
4.179836E1 -2.658868E0
4.183166E1 -4.051788E0
4.186497E1 -4.608986E0
4.189827E1 -4.563419E0
4.193158E1 -4.435741E0
4.196488E1 -3.342251E0
4.199819E1 -1.723408E0
4.203149E1 -9.153694E-1
4.206479E1 1.255300E0
4.209810E1 2.881673E0
4.213140E1 4.540465E0
4.216471E1 5.618893E0
4.219801E1 6.054974E0
4.223132E1 5.911745E0
4.226462E1 5.070382E0
4.229793E1 3.811098E0
4.233123E1 2.180590E0
4.236454E1 5.341369E-1
4.239784E1 -1.010006E0
4.243116E1 -2.813200E0
4.246446E1 -3.756160E0
4.249777E1 -4.584371E0
4.253107E1 -4.554254E0
4.256438E1 -3.740960E0
4.259768E1 -3.017755E0
4.263099E1 -1.484961E0
4.266429E1 -8.088622E-2
4.269760E1 1.399674E0
4.273090E1 3.171253E0
4.276421E1 4.828800E0
4.279751E1 5.373456E0
4.283082E1 5.808337E0
4.286412E1 5.618626E0
4.289743E1 4.797589E0
4.293073E1 3.429172E0
4.296404E1 1.260359E0
4.299734E1 1.208497E-1
4.303066E1 -1.292153E0
4.306396E1 -2.989552E0
4.309727E1 -3.880074E0
4.313057E1 -4.633271E0
4.316388E1 -4.683408E0
4.319718E1 -4.268888E0
4.323049E1 -3.155048E0
4.326379E1 -1.496620E0
4.329710E1 2.289869E-1
4.333040E1 1.596983E0
4.336371E1 3.295677E0
4.339701E1 4.689092E0
4.343032E1 5.327267E0
4.346362E1 5.457106E0
4.349693E1 5.327950E0
4.353023E1 4.180109E0
4.356354E1 2.891240E0
4.359684E1 1.224043E0
4.363016E1 -3.553603E-1
4.366346E1 -1.669861E0
4.369677E1 -2.733844E0
4.373007E1 -3.642913E0
4.376338E1 -4.134316E0
4.379668E1 -4.167251E0
4.382999E1 -3.631478E0
4.386329E1 -2.367627E0
4.389659E1 -1.533519E0
4.392990E1 7.144590E-1
4.396320E1 1.877730E0
4.399651E1 3.390641E0
4.402981E1 4.692514E0
4.406312E1 5.153272E0
4.409642E1 5.213723E0
4.412973E1 5.166731E0
4.416303E1 4.143252E0
4.419634E1 2.686762E0
4.422964E1 9.272602E-1
4.426296E1 -6.238938E-1
4.429626E1 -1.841044E0
4.432957E1 -3.143961E0
4.436287E1 -4.241593E0
4.439618E1 -4.438920E0
4.442948E1 -4.465778E0
4.446279E1 -3.623507E0
4.449609E1 -2.495781E0
4.452940E1 -5.463052E-1
4.456270E1 4.348035E-1
4.459601E1 2.576354E0
4.462931E1 3.597101E0
4.466262E1 4.410247E0
4.469592E1 5.264869E0
4.472923E1 5.213475E0
4.476253E1 5.172544E0
4.479584E1 3.668438E0
4.482914E1 2.637766E0
4.486246E1 1.099236E0
4.489576E1 -6.392488E-1
4.492907E1 -2.005901E0
4.496237E1 -3.189319E0
4.499568E1 -4.193346E0
4.502898E1 -4.297840E0
4.506229E1 -4.216794E0
4.509559E1 -2.894874E0
4.512890E1 -1.992326E0
4.516220E1 -7.685977E-1
4.519551E1 9.223351E-1
4.522881E1 2.800932E0
4.526212E1 4.157005E0
4.529542E1 4.952894E0
4.532873E1 5.325828E0
4.536203E1 5.265557E0
4.539534E1 4.576756E0
4.542864E1 3.517868E0
4.546196E1 1.976009E0
4.549526E1 1.017270E0
4.552857E1 -1.036834E0
4.556187E1 -2.226679E0
4.559518E1 -3.148478E0
4.562848E1 -4.209579E0
4.566179E1 -4.272740E0
4.569509E1 -4.126642E0
4.572839E1 -3.183358E0
4.576170E1 -1.935589E0
4.579500E1 -5.846471E-2
4.582831E1 1.354579E0
4.586161E1 2.628063E0
4.589492E1 4.251096E0
4.592822E1 4.689323E0
4.596153E1 4.992356E0
4.599483E1 4.910345E0
4.602814E1 4.295453E0
4.606144E1 3.184321E0
4.609476E1 1.595516E0
4.612806E1 5.898075E-1
4.616137E1 -9.157104E-1
4.619467E1 -2.590194E0
4.622798E1 -3.502349E0
4.626128E1 -4.163349E0
4.629459E1 -4.217548E0
4.632789E1 -3.984207E0
4.636120E1 -2.909362E0
4.639450E1 -1.612622E0
4.642781E1 6.812266E-2
4.646111E1 1.312025E0
4.649442E1 2.953508E0
4.652772E1 3.727729E0
4.656103E1 5.049449E0
4.659433E1 5.181734E0
4.662764E1 5.161469E0
4.666094E1 4.214579E0
4.669426E1 2.391582E0
4.672756E1 9.035670E-1
4.676087E1 1.010226E-1
4.679417E1 -1.389989E0
4.682748E1 -2.900842E0
4.686078E1 -3.427768E0
4.689409E1 -3.917762E0
4.692739E1 -3.919229E0
4.696070E1 -3.215525E0
4.699400E1 -2.657604E0
4.702731E1 -1.653414E0
4.706061E1 1.136149E-1
4.709392E1 1.814683E0
4.712722E1 2.880646E0
4.716053E1 3.810422E0
4.719383E1 4.888604E0
4.722714E1 4.893359E0
4.726044E1 4.867545E0
4.729376E1 3.715808E0
4.732706E1 2.552449E0
4.736037E1 1.154646E0
4.739367E1 -2.748442E-1
4.742698E1 -1.559554E0
4.746028E1 -2.943886E0
4.749359E1 -3.532970E0
4.752689E1 -4.163393E0
4.756019E1 -4.187957E0
4.759350E1 -3.606448E0
4.762680E1 -2.288635E0
4.766011E1 -1.458052E0
4.769341E1 2.028856E-1
4.772672E1 1.345188E0
4.776002E1 2.956717E0
4.779333E1 3.934301E0
4.782663E1 4.859796E0
4.785994E1 4.928855E0
4.789324E1 4.803288E0
4.792656E1 3.291052E0
4.795986E1 2.101399E0
4.799317E1 9.137728E-1
4.802647E1 -5.459773E-1
4.805978E1 -1.590670E0
4.809308E1 -2.727718E0
4.812639E1 -3.795518E0
4.815969E1 -3.826152E0
4.819300E1 -3.791115E0
4.822630E1 -2.606969E0
4.825961E1 -2.148465E0
4.829291E1 -5.113415E-1
4.832622E1 6.478391E-1
4.835952E1 2.133012E0
4.839283E1 3.473012E0
4.842613E1 4.061252E0
4.845944E1 4.631026E0
4.849274E1 4.676064E0
4.852606E1 4.162620E0
4.855936E1 3.194562E0
4.859267E1 1.894709E0
4.862597E1 5.015781E-1
4.865928E1 -4.549711E-1
4.869258E1 -2.373560E0
4.872589E1 -3.002706E0
4.875919E1 -3.649664E0
4.879250E1 -3.756964E0
4.882580E1 -3.720441E0
4.885911E1 -3.129720E0
4.889241E1 -1.840538E0
4.892572E1 -3.861389E-1
4.895902E1 9.650462E-1
4.899233E1 2.155906E0
4.902563E1 3.281464E0
4.905894E1 4.176234E0
4.909224E1 4.354880E0
4.912556E1 4.411983E0
4.915886E1 3.920161E0
4.919217E1 2.941584E0
4.922547E1 1.570680E0
4.925878E1 2.392769E-1
4.929208E1 -7.753170E-1
4.932539E1 -2.006339E0
4.935869E1 -2.990915E0
4.939199E1 -3.695187E0
4.942530E1 -3.767775E0
4.945860E1 -3.558394E0
4.949191E1 -2.455899E0
4.952521E1 -1.159472E0
4.955852E1 -1.459879E-1
4.959182E1 1.141534E0
4.962513E1 2.441264E0
4.965843E1 3.479973E0
4.969174E1 4.023772E0
4.972504E1 4.200507E0
4.975836E1 4.233420E0
4.979166E1 3.711966E0
4.982497E1 2.660419E0
4.985827E1 1.326888E0
4.989158E1 1.478952E-1
4.992488E1 -1.102683E0
4.995819E1 -1.936934E0
4.999149E1 -2.894566E0
5.002480E1 -3.412682E0
5.005810E1 -3.392810E0
5.009141E1 -3.127325E0
5.012471E1 -2.007773E0
5.015802E1 -1.057805E0
5.019132E1 1.102634E-1
5.022463E1 1.321460E0
5.025793E1 3.054027E0
5.029124E1 3.667067E0
5.032454E1 4.089192E0
5.035786E1 4.225645E0
5.039116E1 4.176182E0
5.042447E1 3.371038E0
5.045777E1 2.404231E0
5.049108E1 1.126428E0
5.052438E1 3.362810E-2
5.055769E1 -1.164640E0
5.059099E1 -2.364698E0
5.062430E1 -3.022305E0
5.065760E1 -3.214370E0
5.069091E1 -3.211836E0
5.072421E1 -2.811828E0
5.075752E1 -1.693879E0
5.079082E1 -8.209894E-1
5.082413E1 3.719281E-1
5.085743E1 1.597974E0
5.089074E1 2.816813E0
5.092404E1 3.626245E0
5.095736E1 3.824522E0
5.099066E1 3.731552E0
5.102397E1 3.691289E0
5.105727E1 3.111192E0
5.109058E1 2.015754E0
5.112388E1 4.060376E-1
5.115719E1 3.077717E-2
5.119049E1 -1.165869E0
5.122379E1 -2.629863E0
5.125710E1 -2.999624E0
5.129040E1 -3.052147E0
5.132371E1 -3.034290E0
5.135701E1 -2.113114E0
5.139032E1 -1.754649E0
5.142362E1 -8.273258E-1
5.145693E1 7.453180E-1
5.149023E1 2.215106E0
5.152354E1 2.432509E0
5.155684E1 3.496932E0
5.159016E1 4.051204E0
5.162346E1 3.998552E0
5.165677E1 3.771500E0
5.169007E1 2.988809E0
5.172338E1 1.829790E0
5.175668E1 6.401640E-1
5.178999E1 -7.838563E-1
5.182329E1 -1.649034E0
5.185660E1 -2.746603E0
5.188990E1 -3.076384E0
5.192321E1 -3.239941E0
5.195651E1 -3.161223E0
5.198982E1 -2.271597E0
5.202312E1 -1.469782E0
5.205643E1 -3.483943E-1
5.208973E1 7.262445E-1
5.212304E1 2.252441E0
5.215634E1 3.327103E0
5.218966E1 3.476934E0
5.222296E1 3.693425E0
5.225627E1 3.719205E0
5.228957E1 3.423915E0
5.232288E1 2.489436E0
5.235618E1 1.376094E0
5.238949E1 2.945024E-1
5.242279E1 -8.662343E-1
5.245610E1 -2.355809E0
5.248940E1 -3.015708E0
5.252271E1 -3.508959E0
5.255601E1 -3.492699E0
5.258932E1 -3.404735E0
5.262262E1 -2.453765E0
5.265593E1 -1.087104E0
5.268923E1 -1.941673E-1
5.272254E1 1.299935E0
5.275584E1 2.208906E0
5.278916E1 3.078925E0
5.282246E1 3.646521E0
5.285577E1 3.741373E0
5.288907E1 3.717798E0
5.292238E1 3.013468E0
5.295568E1 2.725428E0
5.298899E1 1.407846E0
5.302229E1 1.749757E-1
5.305559E1 -1.360692E0
5.308890E1 -1.745285E0
5.312220E1 -3.218354E0
5.315551E1 -3.112714E0
5.318881E1 -3.187394E0
5.322212E1 -2.784352E0
5.325542E1 -2.449293E0
5.328873E1 -9.807327E-1
5.332203E1 1.879722E-1
5.335534E1 1.169994E0
5.338864E1 2.268046E0
5.342196E1 3.032378E0
5.345526E1 3.458062E0
5.348857E1 3.475588E0
5.352187E1 3.452831E0
5.355518E1 2.926793E0
5.358848E1 2.017816E0
5.362179E1 8.205701E-1
5.365509E1 -1.313790E-1
5.368840E1 -9.320885E-1
5.372170E1 -1.870879E0
5.375501E1 -2.717622E0
5.378831E1 -2.911897E0
5.382162E1 -2.959753E0
5.385492E1 -2.171006E0
5.388823E1 -1.375691E0
5.392153E1 -6.010940E-1
5.395484E1 4.859391E-1
5.398814E1 1.531297E0
5.402146E1 2.784039E0
5.405476E1 3.366968E0
5.408807E1 3.530011E0
5.412137E1 3.501167E0
5.415468E1 3.431134E0
5.418798E1 2.638062E0
5.422129E1 1.726973E0
5.425459E1 6.742837E-1
5.428790E1 -3.192808E-1
5.432120E1 -1.220284E0
5.435451E1 -2.163316E0
5.438781E1 -3.202028E0
5.442112E1 -3.306205E0
5.445442E1 -3.203799E0
5.448773E1 -2.116762E0
5.452103E1 -1.358196E0
5.455434E1 -4.351276E-1
5.458764E1 4.188103E-1
5.462096E1 1.406079E0
5.465426E1 2.423634E0
5.468757E1 3.229077E0
5.472087E1 3.442228E0
5.475418E1 3.440721E0
5.478748E1 3.339798E0
5.482079E1 2.453044E0
5.485409E1 1.392347E0
5.488739E1 6.078895E-1
5.492070E1 -5.843329E-1
5.495400E1 -1.210542E0
5.498731E1 -2.287102E0
5.502061E1 -2.736977E0
5.505392E1 -2.740946E0
5.508722E1 -2.665773E0
5.512053E1 -2.183328E0
5.515383E1 -1.009125E0
5.518714E1 -5.792780E-1
5.522044E1 8.369495E-1
5.525376E1 1.763037E0
5.528706E1 2.811763E0
5.532037E1 3.319980E0
5.535367E1 3.464594E0
5.538698E1 3.475518E0
5.542028E1 3.047936E0
5.545359E1 2.359522E0
5.548689E1 1.388966E0
5.552020E1 3.671863E-1
5.555350E1 -5.996425E-1
5.558681E1 -1.704185E0
5.562011E1 -2.333494E0
5.565342E1 -2.595890E0
5.568672E1 -2.661393E0
5.572003E1 -2.583953E0
5.575333E1 -1.524565E0
5.578664E1 -8.586209E-1
5.581994E1 -3.852882E-1
5.585326E1 1.062584E0
5.588656E1 2.005146E0
5.591987E1 2.758831E0
5.595317E1 3.190169E0
5.598648E1 3.233493E0
5.601978E1 3.189062E0
5.605309E1 3.215170E0
5.608639E1 1.906047E0
5.611970E1 1.096283E0
5.615300E1 3.358308E-2
5.618631E1 -8.992244E-1
5.621961E1 -1.528699E0
5.625292E1 -1.962897E0
5.628622E1 -2.229468E0
5.631953E1 -2.227466E0
5.635283E1 -1.972932E0
5.638614E1 -1.673398E0
5.641944E1 -6.746669E-1
5.645276E1 3.440110E-1
5.648606E1 1.722303E0
5.651937E1 2.516657E0
5.655267E1 2.853566E0
5.658598E1 3.841673E0
5.661928E1 3.850982E0
5.665259E1 3.804451E0
5.668589E1 2.704914E0
5.671919E1 1.944866E0
5.675250E1 8.932515E-1
5.678580E1 -8.214292E-2
5.681911E1 -1.049262E0
5.685241E1 -1.688731E0
5.688572E1 -2.091400E0
5.691902E1 -2.205579E0
5.695233E1 -2.232764E0
5.698563E1 -1.889641E0
5.701894E1 -1.255771E0
5.705224E1 -5.387143E-1
5.708556E1 6.050436E-1
5.711886E1 1.349116E0
5.715217E1 2.796275E0
5.718547E1 3.385138E0
5.721878E1 3.462934E0
5.725208E1 3.429053E0
5.728539E1 3.408497E0
5.731869E1 2.719684E0
5.735200E1 1.854216E0
5.738530E1 1.168968E0
5.741861E1 2.350504E-1
5.745191E1 -6.426687E-1
5.748522E1 -1.613961E0
5.751852E1 -2.312148E0
5.755183E1 -2.465639E0
5.758513E1 -2.438538E0
5.761844E1 -2.039802E0
5.765174E1 -1.319136E0
5.768506E1 -6.324205E-1
5.771836E1 5.981098E-1
5.775167E1 1.571196E0
5.778497E1 2.461842E0
5.781828E1 2.906662E0
5.785158E1 3.040272E0
5.788489E1 3.009124E0
5.791819E1 2.859751E0
5.795150E1 2.158572E0
5.798480E1 1.223331E0
5.801811E1 3.112640E-1
5.805141E1 -4.929989E-1
5.808472E1 -1.158657E0
5.811802E1 -1.722370E0
5.815133E1 -1.886176E0
5.818463E1 -1.949117E0
5.821794E1 -1.879872E0
5.825124E1 -1.420943E0
5.828456E1 -8.386666E-1
5.831786E1 1.931207E-1
5.835117E1 8.418599E-1
5.838447E1 1.685581E0
5.841778E1 2.490922E0
5.845108E1 2.651206E0
5.848439E1 2.723848E0
5.851769E1 2.686710E0
5.855099E1 2.640640E0
5.858430E1 2.024779E0
5.861760E1 1.058352E0
5.865091E1 3.694181E-1
5.868421E1 -8.709243E-1
5.871752E1 -1.647142E0
5.875082E1 -1.762851E0
5.878413E1 -2.117937E0
5.881743E1 -2.204453E0
5.885074E1 -2.186697E0
5.888404E1 -1.520626E0
5.891736E1 -6.121215E-1
5.895066E1 -7.945568E-2
5.898397E1 7.983932E-1
5.901727E1 1.879687E0
5.905058E1 2.659950E0
5.908388E1 2.896443E0
5.911719E1 2.953828E0
5.915049E1 2.918897E0
5.918380E1 2.507664E0
5.921710E1 1.689255E0
5.925041E1 8.632547E-1
5.928371E1 -4.692163E-2
5.931702E1 -8.012063E-1
5.935032E1 -1.449004E0
5.938363E1 -2.255728E0
5.941693E1 -2.206337E0
5.945024E1 -2.189243E0
5.948354E1 -1.981059E0
5.951686E1 -1.044894E0
5.955016E1 -5.539417E-1
5.958347E1 7.947512E-1
5.961677E1 1.345605E0
5.965008E1 2.192721E0
5.968338E1 2.617795E0
5.971669E1 2.751231E0
5.974999E1 2.748355E0
5.978330E1 2.713922E0
5.981660E1 2.288369E0
5.984991E1 1.459024E0
5.988321E1 7.182399E-1
5.991652E1 -4.024502E-1
5.994982E1 -8.488099E-1
5.998313E1 -1.504103E0
6.001643E1 -1.658225E0
6.004974E1 -1.775667E0
6.008304E1 -1.731678E0
6.011636E1 -1.548917E0
6.014966E1 -1.045269E0
6.018297E1 -1.444548E-1
6.021627E1 1.032169E0
6.024958E1 1.431220E0
6.028288E1 2.031052E0
6.031619E1 3.218120E0
6.034949E1 3.256790E0
6.038279E1 3.212015E0
6.041610E1 3.106715E0
6.044940E1 2.350869E0
6.048271E1 1.536589E0
6.051601E1 3.905394E-1
6.054932E1 -4.954292E-1
6.058262E1 -9.919217E-1
6.061593E1 -1.481003E0
6.064923E1 -1.622709E0
6.068254E1 -1.673872E0
6.071584E1 -1.683605E0
6.074916E1 -1.150950E0
6.078246E1 -6.415743E-1
6.081577E1 4.739082E-1
6.084907E1 9.878958E-1
6.088238E1 1.970923E0
6.091568E1 2.557306E0
6.094899E1 2.711590E0
6.098229E1 2.738326E0
6.101560E1 2.710209E0
6.104890E1 2.500052E0
6.108221E1 1.885914E0
6.111551E1 6.240394E-1
6.114882E1 3.584808E-1
6.118212E1 -5.084947E-1
6.121543E1 -1.219686E0
6.124873E1 -1.524284E0
6.128204E1 -1.577864E0
6.131534E1 -1.669263E0
6.134866E1 -1.649687E0
6.138196E1 -1.044595E0
6.141527E1 -5.784326E-1
6.144857E1 3.447376E-1
6.148188E1 9.536021E-1
6.151518E1 1.733126E0
6.154849E1 2.679711E0
6.158179E1 2.628077E0
6.161510E1 2.647671E0
6.164840E1 2.627050E0
6.168171E1 2.252036E0
6.171501E1 1.508730E0
6.174832E1 7.959768E-1
6.178162E1 1.596082E-1
6.181493E1 -7.206247E-1
6.184823E1 -1.294497E0
6.188154E1 -1.877557E0
6.191484E1 -1.955819E0
6.194816E1 -1.965768E0
6.198146E1 -1.849108E0
6.201477E1 -1.112938E0
6.204807E1 1.173704E-1
6.208138E1 4.386010E-1
6.211468E1 1.244816E0
6.214799E1 2.168524E0
6.218129E1 2.696355E0
6.221459E1 2.736047E0
6.224790E1 2.741958E0
6.228120E1 2.693752E0
6.231451E1 2.367058E0
6.234781E1 1.373215E0
6.238112E1 9.745393E-1
6.241442E1 -3.357384E-2
6.244773E1 -8.285370E-1
6.248103E1 -1.395426E0
6.251434E1 -1.622026E0
6.254764E1 -1.697040E0
6.258096E1 -1.670307E0
6.261426E1 -1.315202E0
6.264757E1 -7.434837E-1
6.268087E1 -1.619640E-1
6.271418E1 7.242015E-1
6.274748E1 1.142766E0
6.278079E1 1.895529E0
6.281409E1 2.299373E0
6.284740E1 2.491331E0
6.288070E1 2.474400E0
6.291401E1 2.382933E0
6.294731E1 1.750889E0
6.298062E1 1.098813E0
6.301392E1 3.280054E-1
6.304723E1 -2.743018E-1
6.308053E1 -9.024953E-1
6.311384E1 -9.264717E-1
6.314714E1 -1.702995E0
6.318046E1 -1.678209E0
6.321376E1 -1.612906E0
6.324707E1 -1.119734E0
6.328037E1 -6.491733E-1
6.331368E1 -1.272915E-2
6.334698E1 1.041068E0
6.338029E1 1.867468E0
6.341359E1 2.226014E0
6.344690E1 2.841812E0
6.348020E1 2.902135E0
6.351351E1 2.875393E0
6.354681E1 2.628539E0
6.358012E1 1.436663E0
6.361342E1 1.239766E0
6.364673E1 5.600065E-1
6.368003E1 -3.654601E-1
6.371334E1 -9.346645E-1
6.374664E1 -1.272423E0
6.377996E1 -1.339217E0
6.381326E1 -1.428562E0
6.384657E1 -1.383584E0
6.387987E1 -9.270624E-1
6.391318E1 -8.318473E-2
6.394648E1 2.255641E-1
6.397979E1 1.248753E0
6.401309E1 1.878660E0
6.404639E1 2.068183E0
6.407970E1 2.250935E0
6.411300E1 2.254765E0
6.414631E1 2.229333E0
6.417961E1 2.090837E0
6.421292E1 1.284359E0
6.424622E1 8.610568E-1
6.427953E1 9.564926E-2
6.431283E1 -5.500010E-1
6.434614E1 -1.089668E0
6.437944E1 -1.296749E0
6.441276E1 -1.422804E0
6.444606E1 -1.423856E0
6.447937E1 -1.295867E0
6.451267E1 -9.528023E-1
6.454598E1 -2.170655E-1
6.457928E1 4.890809E-1
6.461259E1 1.079841E0
6.464589E1 1.834423E0
6.467920E1 2.118874E0
6.471250E1 2.225618E0
6.474581E1 2.227883E0
6.477911E1 2.206823E0
6.481242E1 1.893850E0
6.484572E1 1.324458E0
6.487903E1 6.389646E-1
6.491233E1 -2.761960E-2
6.494564E1 -7.361582E-1
6.497894E1 -1.108593E0
6.501226E1 -1.259683E0
6.504556E1 -1.205767E0
6.507887E1 -1.216615E0
6.511217E1 -1.083716E0
6.514548E1 -5.320797E-1
6.517878E1 4.672160E-1
6.521209E1 3.197131E-1
6.524539E1 1.047692E0
6.527870E1 1.769159E0
6.531200E1 1.942743E0
6.534531E1 1.996021E0
6.537861E1 1.977482E0
6.541192E1 1.903421E0
6.544522E1 1.775495E0
6.547853E1 1.180414E0
6.551183E1 6.017321E-1
6.554514E1 -9.312513E-2
6.557844E1 -1.108391E0
6.561176E1 -9.651519E-1
6.564506E1 -1.149981E0
6.567837E1 -1.158141E0
6.571167E1 -1.221324E0
6.574498E1 -7.508821E-1
6.577828E1 -2.029982E-1
6.581159E1 2.977925E-1
6.584489E1 9.536461E-1
6.587819E1 1.501642E0
6.591150E1 2.480503E0
6.594480E1 2.326706E0
6.597811E1 2.374920E0
6.601141E1 2.361555E0
6.604472E1 2.257711E0
6.607802E1 1.612471E0
6.611133E1 9.649776E-1
6.614463E1 2.853514E-1
6.617794E1 -3.088389E-1
6.621124E1 -7.215646E-1
6.624456E1 -1.010058E0
6.627786E1 -1.062619E0
6.631117E1 -1.195576E0
6.634447E1 -1.158170E0
6.637778E1 -6.567927E-1
6.641108E1 -1.936266E-1
6.644439E1 5.275729E-1
6.647769E1 1.460040E0
6.651100E1 1.899734E0
6.654430E1 1.998292E0
6.657761E1 2.032722E0
6.661091E1 2.201794E0
6.664422E1 2.141127E0
