x y dx dy
0.000000E0 1.845732E1
3.357778E-2 1.897965E1
6.715556E-2 1.818951E1
1.007333E-1 1.526817E1
1.343111E-1 1.178765E1
1.678889E-1 8.035914E0
2.014778E-1 3.446704E0
2.350556E-1 -7.879203E-1
2.686333E-1 -4.782388E0
3.022111E-1 -8.810717E0
3.357889E-1 -1.204841E1
3.693667E-1 -1.444450E1
4.029444E-1 -1.633399E1
4.365222E-1 -1.750983E1
4.701000E-1 -1.746968E1
5.036889E-1 -1.657538E1
5.372667E-1 -1.467753E1
5.708444E-1 -1.190446E1
6.044222E-1 -8.494962E0
6.380000E-1 -4.545408E0
6.715778E-1 -2.858447E-1
7.051556E-1 4.100662E0
7.387333E-1 8.592671E0
7.723222E-1 1.255784E1
8.059000E-1 1.582991E1
8.394778E-1 1.826223E1
8.730556E-1 1.947010E1
9.066333E-1 1.956219E1
9.402111E-1 1.964276E1
9.737889E-1 1.773473E1
1.007367E0 1.484875E1
1.040956E0 1.131086E1
1.074533E0 7.421526E0
1.108111E0 3.025280E0
1.141689E0 -1.144652E0
1.175267E0 -5.247724E0
1.208844E0 -9.134487E0
1.242422E0 -1.238296E1
1.276000E0 -1.474193E1
1.309578E0 -1.851357E1
1.343167E0 -1.775072E1
1.376744E0 -1.774353E1
1.410322E0 -1.694497E1
1.443900E0 -1.507947E1
1.477478E0 -1.250017E1
1.511056E0 -9.172232E0
1.544633E0 -4.438744E0
1.578211E0 -2.330902E-1
1.611800E0 4.114826E0
1.645378E0 8.301513E0
1.678956E0 1.248253E1
1.712533E0 1.553291E1
1.746111E0 1.784234E1
1.779689E0 1.955038E1
1.813267E0 1.939266E1
1.846844E0 1.832321E1
1.880422E0 1.651567E1
1.914011E0 1.370618E1
1.947589E0 1.037490E1
1.981167E0 6.671503E0
2.014744E0 2.043654E0
2.048322E0 -2.134542E0
2.081900E0 -6.148405E0
2.115478E0 -1.055912E1
2.149056E0 -1.323958E1
2.182644E0 -1.662745E1
2.216222E0 -1.705760E1
2.249800E0 -1.807941E1
2.283378E0 -1.808323E1
2.316956E0 -1.728980E1
2.350533E0 -1.470278E1
2.384111E0 -1.246890E1
2.417689E0 -8.736931E0
2.451267E0 -4.441983E0
2.484856E0 -1.829162E-1
2.518433E0 4.049300E0
2.552011E0 7.904117E0
2.585589E0 1.210688E1
2.619167E0 1.592662E1
2.652744E0 1.811578E1
2.686322E0 1.932771E1
2.719900E0 1.903936E1
2.753489E0 1.853041E1
2.787067E0 1.670239E1
2.820644E0 1.387863E1
2.854222E0 1.036927E1
2.887800E0 6.200804E0
2.921378E0 1.855118E0
2.954956E0 -2.049423E0
2.988533E0 -6.205295E0
3.022111E0 -9.892339E0
3.055700E0 -1.340131E1
3.089278E0 -1.611158E1
3.122856E0 -1.696727E1
3.156433E0 -1.694787E1
3.190011E0 -1.740163E1
3.223589E0 -1.607272E1
3.257167E0 -1.368711E1
3.290744E0 -1.093150E1
3.324333E0 -7.458619E0
3.357911E0 -3.251353E0
3.391489E0 6.039690E-1
3.425067E0 5.053365E0
3.458644E0 9.187438E0
3.492222E0 1.277889E1
3.525800E0 1.589109E1
3.559378E0 1.837856E1
3.592967E0 1.938934E1
3.626544E0 1.934807E1
3.660122E0 1.852966E1
3.693700E0 1.653184E1
3.727278E0 1.323558E1
3.760856E0 9.784460E0
3.794433E0 6.008342E0
3.828011E0 1.662319E0
3.861589E0 -2.441485E0
3.895178E0 -6.426105E0
3.928756E0 -1.045490E1
3.962333E0 -1.265361E1
3.995911E0 -1.511330E1
4.029489E0 -1.696327E1
4.063067E0 -1.722527E1
4.096644E0 -1.701873E1
4.130222E0 -1.583182E1
4.163800E0 -1.349021E1
4.197389E0 -1.041833E1
4.230967E0 -7.617320E0
4.264544E0 -2.926199E0
4.298122E0 4.829222E-1
4.331700E0 5.216539E0
4.365278E0 8.679870E0
4.398856E0 1.304405E1
4.432433E0 1.595904E1
4.466022E0 1.818550E1
4.499600E0 1.902966E1
4.533178E0 1.904112E1
4.566756E0 1.816226E1
4.600333E0 1.565861E1
4.633911E0 1.295710E1
4.667489E0 9.214734E0
4.701067E0 5.255285E0
4.734656E0 1.226488E0
4.768233E0 -3.313275E0
4.801811E0 -7.474372E0
4.835389E0 -1.048927E1
4.868967E0 -1.363850E1
4.902544E0 -1.604542E1
4.936122E0 -1.714683E1
4.969700E0 -1.673184E1
5.003278E0 -1.687868E1
5.036867E0 -1.577078E1
5.070444E0 -1.344796E1
5.104022E0 -1.070441E1
5.137600E0 -7.237694E0
5.171178E0 -3.022166E0
5.204756E0 1.329908E0
5.238333E0 5.566766E0
5.271911E0 9.512197E0
5.305500E0 1.333577E1
5.339078E0 1.612815E1
5.372656E0 1.681734E1
5.406233E0 1.882331E1
5.439811E0 1.845485E1
5.473389E0 1.729581E1
5.506967E0 1.442194E1
5.540544E0 1.226929E1
5.574122E0 8.741367E0
5.607711E0 4.219581E0
5.641289E0 3.239788E-1
5.674867E0 -3.312523E0
5.708444E0 -7.028573E0
5.742022E0 -1.061090E1
5.775600E0 -1.290307E1
5.809178E0 -1.522834E1
5.842756E0 -1.738713E1
5.876344E0 -1.720213E1
5.909922E0 -1.671816E1
5.943500E0 -1.518697E1
5.977078E0 -1.311765E1
6.010656E0 -9.768773E0
6.044233E0 -6.030539E0
6.077811E0 -2.835631E0
6.111389E0 1.376328E0
6.144967E0 5.814241E0
6.178556E0 9.358463E0
6.212133E0 1.325130E1
6.245711E0 1.605801E1
6.279289E0 1.784981E1
6.312867E0 1.855102E1
6.346444E0 1.776532E1
6.380022E0 1.640646E1
6.413600E0 1.438544E1
6.447189E0 1.166228E1
6.480767E0 8.003277E0
6.514344E0 4.132228E0
6.547922E0 -3.183498E-1
6.581500E0 -4.201800E0
6.615078E0 -7.837791E0
6.648656E0 -1.122511E1
6.682233E0 -1.425470E1
6.715811E0 -1.556624E1
6.749400E0 -1.717009E1
6.782978E0 -1.714004E1
6.816556E0 -1.625824E1
6.850133E0 -1.532774E1
6.883711E0 -1.318302E1
6.917289E0 -9.591919E0
6.950867E0 -5.982939E0
6.984444E0 -2.091503E0
7.018033E0 1.995970E0
7.051611E0 5.671793E0
7.085189E0 1.003391E1
7.118767E0 1.344862E1
7.152344E0 1.583644E1
7.185922E0 1.726393E1
7.219500E0 1.830694E1
7.253078E0 1.711640E1
7.286667E0 1.609437E1
7.320244E0 1.392255E1
7.353822E0 1.138789E1
7.387400E0 6.917449E0
7.420978E0 3.708274E0
7.454556E0 -4.740741E-1
7.488133E0 -4.200394E0
7.521711E0 -8.184769E0
7.555289E0 -1.142884E1
7.588878E0 -1.358975E1
7.622456E0 -1.523938E1
7.656033E0 -1.654959E1
7.689611E0 -1.638536E1
7.723189E0 -1.561822E1
7.756767E0 -1.415447E1
7.790344E0 -1.196118E1
7.823922E0 -9.084460E0
7.857500E0 -5.410904E0
7.891089E0 -1.511486E0
7.924667E0 2.657462E0
7.958244E0 6.841206E0
7.991822E0 1.058502E1
8.025400E0 1.376665E1
8.058978E0 1.631351E1
8.092556E0 1.733497E1
8.126133E0 1.832794E1
8.159722E0 1.772332E1
8.193300E0 1.611816E1
8.226878E0 1.320661E1
8.260456E0 9.989361E0
8.294033E0 6.745004E0
8.327611E0 3.293151E0
8.361189E0 -5.689099E-1
8.394767E0 -4.586320E0
8.428356E0 -8.454461E0
8.461933E0 -1.154746E1
8.495511E0 -1.414575E1
8.529089E0 -1.542752E1
8.562667E0 -1.619575E1
8.596244E0 -1.614341E1
8.629822E0 -1.609496E1
8.663400E0 -1.432312E1
8.696978E0 -1.155494E1
8.730567E0 -8.680295E0
8.764144E0 -5.100426E0
8.797722E0 -1.164938E0
8.831300E0 2.678787E0
8.864878E0 7.033648E0
8.898456E0 1.027897E1
8.932033E0 1.352475E1
8.965611E0 1.625446E1
8.999200E0 1.726856E1
9.032778E0 1.810613E1
9.066356E0 1.744017E1
9.099933E0 1.595331E1
9.133511E0 1.359287E1
9.167089E0 9.595304E0
9.200667E0 6.076580E0
9.234244E0 2.585375E0
9.267822E0 -1.158893E0
9.301411E0 -5.137641E0
9.334989E0 -8.381071E0
9.368567E0 -1.145268E1
9.402144E0 -1.327497E1
9.435722E0 -1.499073E1
9.469300E0 -1.606718E1
9.502878E0 -1.606662E1
9.536456E0 -1.492330E1
9.570044E0 -1.377518E1
9.603622E0 -1.101628E1
9.637200E0 -7.980739E0
9.670778E0 -3.901438E0
9.704356E0 -2.573660E-1
9.737933E0 3.469020E0
9.771511E0 7.614690E0
9.805089E0 1.112373E1
9.838667E0 1.430137E1
9.872256E0 1.633103E1
9.905833E0 1.717182E1
9.939411E0 1.776737E1
9.972989E0 1.701304E1
1.000657E1 1.487397E1
1.004014E1 1.313749E1
1.007372E1 9.811156E0
1.010730E1 6.356552E0
1.014089E1 2.531760E0
1.017447E1 -1.264287E0
1.020804E1 -5.594813E0
1.024162E1 -9.142977E0
1.027520E1 -1.145628E1
1.030878E1 -1.408709E1
1.034236E1 -1.529526E1
1.037593E1 -1.609378E1
1.040951E1 -1.607028E1
1.044310E1 -1.527737E1
1.047668E1 -1.304800E1
1.051026E1 -1.082259E1
1.054383E1 -7.042198E0
1.057741E1 -3.674442E0
1.061099E1 1.498101E-1
1.064457E1 3.817738E0
1.067814E1 7.898942E0
1.071173E1 1.109556E1
1.074531E1 1.409470E1
1.077889E1 1.649453E1
1.081247E1 1.731198E1
1.084604E1 1.671322E1
1.087962E1 1.643848E1
1.091320E1 1.489061E1
1.094678E1 1.254414E1
1.098037E1 9.219868E0
1.101394E1 5.466611E0
1.104752E1 1.514372E0
1.108110E1 -2.556947E0
1.111468E1 -5.862689E0
1.114826E1 -9.380894E0
1.118183E1 -1.244824E1
1.121541E1 -1.398984E1
1.124899E1 -1.544210E1
1.128258E1 -1.552042E1
1.131616E1 -1.536317E1
1.134973E1 -1.449013E1
1.138331E1 -1.289248E1
1.141689E1 -1.028277E1
1.145047E1 -7.279534E0
1.148404E1 -3.738918E0
1.151762E1 1.383287E-1
1.155120E1 4.376612E0
1.158479E1 8.383193E0
1.161837E1 1.093889E1
1.165194E1 1.440552E1
1.168552E1 1.639913E1
1.171910E1 1.701069E1
1.175268E1 1.701029E1
1.178626E1 1.656448E1
1.181983E1 1.464737E1
1.185342E1 1.208635E1
1.188700E1 8.677024E0
1.192058E1 4.987418E0
1.195416E1 1.225776E0
1.198773E1 -2.279606E0
1.202131E1 -5.873966E0
1.205489E1 -9.776345E0
1.208847E1 -1.165858E1
1.212206E1 -1.427496E1
1.215563E1 -1.558381E1
1.218921E1 -1.515412E1
1.222279E1 -1.512240E1
1.225637E1 -1.394727E1
1.228994E1 -1.211856E1
1.232352E1 -9.296309E0
1.235710E1 -6.123270E0
1.239068E1 -2.594516E0
1.242427E1 1.075348E0
1.245784E1 5.073918E0
1.249142E1 8.808858E0
1.252500E1 1.198395E1
1.255858E1 1.469901E1
1.259216E1 1.601679E1
1.262573E1 1.673943E1
1.265931E1 1.678710E1
1.269290E1 1.587675E1
1.272648E1 1.408512E1
1.276006E1 1.138523E1
1.279363E1 8.217272E0
1.282721E1 4.642889E0
1.286079E1 8.449676E-1
1.289437E1 -2.686369E0
1.292794E1 -6.253380E0
1.296152E1 -9.596405E0
1.299511E1 -1.209001E1
1.302869E1 -1.405088E1
1.306227E1 -1.542514E1
1.309584E1 -1.553980E1
1.312942E1 -1.553801E1
1.316300E1 -1.333495E1
1.319658E1 -1.166259E1
1.323016E1 -9.786992E0
1.326374E1 -5.795064E0
1.329732E1 -2.455428E0
1.333090E1 8.469555E-1
1.336448E1 4.653598E0
1.339806E1 8.051262E0
1.343163E1 1.098119E1
1.346521E1 1.412986E1
1.349879E1 1.579626E1
1.353237E1 1.516994E1
1.356596E1 1.518040E1
1.359953E1 1.457105E1
1.363311E1 1.320424E1
1.366669E1 1.066707E1
1.370027E1 6.737106E0
1.373384E1 3.295672E0
1.376742E1 -2.130382E-1
1.380100E1 -3.909108E0
1.383459E1 -7.304527E0
1.386817E1 -1.031656E1
1.390174E1 -1.208213E1
1.393532E1 -1.412781E1
1.396890E1 -1.543092E1
1.400248E1 -1.587692E1
1.403606E1 -1.450099E1
1.406963E1 -1.331271E1
1.410321E1 -1.141934E1
1.413680E1 -8.698478E0
1.417038E1 -5.667312E0
1.420396E1 -2.133335E0
1.423753E1 2.029198E0
1.427111E1 5.256603E0
1.430469E1 8.834565E0
1.433827E1 1.175976E1
1.437184E1 1.449426E1
1.440543E1 1.589125E1
1.443901E1 1.662780E1
1.447259E1 1.557787E1
1.450617E1 1.389959E1
1.453974E1 1.234625E1
1.457332E1 9.955993E0
1.460690E1 6.644461E0
1.464048E1 3.321834E0
1.467407E1 -9.456977E-1
1.470764E1 -3.597140E0
1.474122E1 -7.062611E0
1.477480E1 -1.008783E1
1.480838E1 -1.226125E1
1.484196E1 -1.392280E1
1.487553E1 -1.579118E1
1.490911E1 -1.504015E1
1.494269E1 -1.472369E1
1.497628E1 -1.300915E1
1.500986E1 -1.252202E1
1.504343E1 -8.598000E0
1.507701E1 -4.843889E0
1.511059E1 -1.553828E0
1.514417E1 2.089352E0
1.517774E1 6.063441E0
1.521132E1 8.934107E0
1.524490E1 1.108574E1
1.527849E1 1.452313E1
1.531207E1 1.605664E1
1.534564E1 1.654473E1
1.537922E1 1.484399E1
1.541280E1 1.408246E1
1.544638E1 1.215391E1
1.547996E1 9.557260E0
1.551353E1 6.434084E0
1.554712E1 2.545384E0
1.558070E1 -1.088882E0
1.561428E1 -4.417815E0
1.564786E1 -7.742563E0
1.568143E1 -1.097044E1
1.571501E1 -1.295968E1
1.574859E1 -1.373414E1
1.578217E1 -1.485923E1
1.581576E1 -1.484085E1
1.584933E1 -1.444533E1
1.588291E1 -1.291150E1
1.591649E1 -1.099382E1
1.595007E1 -7.673313E0
1.598364E1 -4.324651E0
1.601722E1 -6.789050E-1
1.605080E1 2.808147E0
1.608438E1 6.208585E0
1.611797E1 9.467730E0
1.615154E1 1.197841E1
1.618512E1 1.361973E1
1.621870E1 1.444443E1
1.625228E1 1.494566E1
1.628586E1 1.575276E1
1.631943E1 1.365419E1
1.635301E1 1.171943E1
1.638660E1 8.192668E0
1.642018E1 5.711249E0
1.645376E1 2.073069E0
1.648733E1 -1.810552E0
1.652091E1 -4.854256E0
1.655449E1 -8.039626E0
1.658807E1 -1.112964E1
1.662164E1 -1.308256E1
1.665522E1 -1.484082E1
1.668881E1 -1.531884E1
1.672239E1 -1.533388E1
1.675597E1 -1.434458E1
1.678954E1 -1.238702E1
1.682312E1 -1.011257E1
1.685670E1 -7.614869E0
1.689028E1 -3.995438E0
1.692386E1 -2.649561E-1
1.695744E1 2.915047E0
1.699102E1 6.734586E0
1.702460E1 1.005696E1
1.705818E1 1.239126E1
1.709176E1 1.470062E1
1.712533E1 1.594452E1
1.715891E1 1.577865E1
1.719249E1 1.529662E1
1.722607E1 1.402672E1
1.725966E1 1.113766E1
1.729323E1 8.617114E0
1.732681E1 4.459906E0
1.736039E1 1.282776E0
1.739397E1 -1.929109E0
1.742754E1 -5.292895E0
1.746112E1 -8.668248E0
1.749470E1 -1.145129E1
1.752829E1 -1.339069E1
1.756187E1 -1.502982E1
1.759544E1 -1.495446E1
1.762902E1 -1.521458E1
1.766260E1 -1.348697E1
1.769618E1 -1.218268E1
1.772976E1 -9.861169E0
1.776333E1 -6.844128E0
1.779691E1 -3.350702E0
1.783050E1 -8.325374E-2
1.786408E1 3.259230E0
1.789766E1 6.951729E0
1.793123E1 9.791443E0
1.796481E1 1.281643E1
1.799839E1 1.459051E1
1.803197E1 1.539870E1
1.806554E1 1.537897E1
1.809913E1 1.434859E1
1.813271E1 1.309913E1
1.816629E1 1.019012E1
1.819987E1 7.028783E0
1.823344E1 4.044790E0
1.826702E1 6.559367E-1
1.830060E1 -2.213331E0
1.833418E1 -5.772758E0
1.836777E1 -8.843183E0
1.840134E1 -1.140673E1
1.843492E1 -1.320862E1
1.846850E1 -1.476449E1
1.850208E1 -1.508436E1
1.853566E1 -1.492843E1
1.856923E1 -1.305980E1
1.860281E1 -1.159849E1
1.863639E1 -9.257939E0
1.866998E1 -5.974176E0
1.870356E1 -2.970012E0
1.873713E1 7.819939E-1
1.877071E1 4.556512E0
1.880429E1 7.679877E0
1.883787E1 1.040023E1
1.887144E1 1.336156E1
1.890502E1 1.412339E1
1.893860E1 1.491870E1
1.897219E1 1.489604E1
1.900577E1 1.383801E1
1.903934E1 1.255741E1
1.907292E1 9.763255E0
1.910650E1 6.722847E0
1.914008E1 3.806701E0
1.917366E1 1.043169E-2
1.920723E1 -3.212484E0
1.924082E1 -6.496162E0
1.927440E1 -9.625015E0
1.930798E1 -1.135235E1
1.934156E1 -1.296712E1
1.937513E1 -1.426139E1
1.940871E1 -1.420071E1
1.944229E1 -1.453092E1
1.947587E1 -1.313846E1
1.950946E1 -1.146282E1
1.954303E1 -8.485215E0
1.957661E1 -5.480517E0
1.961019E1 -2.182027E0
1.964377E1 1.214766E0
1.967734E1 4.541821E0
1.971092E1 8.176309E0
1.974450E1 1.034283E1
1.977808E1 1.347124E1
1.981167E1 1.351793E1
1.984524E1 1.526551E1
1.987882E1 1.505909E1
1.991240E1 1.387603E1
1.994598E1 1.103730E1
1.997956E1 9.456854E0
2.001313E1 6.438185E0
2.004671E1 3.302813E0
2.008030E1 -6.963972E-1
2.011388E1 -3.812684E0
2.014746E1 -6.774827E0
2.018103E1 -9.961488E0
2.021461E1 -1.229719E1
2.024819E1 -1.431991E1
2.028177E1 -1.489361E1
2.031534E1 -1.493572E1
2.034892E1 -1.430562E1
2.038251E1 -1.314375E1
2.041609E1 -1.054361E1
2.044967E1 -8.374511E0
2.048324E1 -5.087617E0
2.051682E1 -1.406412E0
2.055040E1 1.508325E0
2.058398E1 4.952502E0
2.061756E1 7.769532E0
2.065114E1 1.110205E1
2.068472E1 1.235904E1
2.071830E1 1.435239E1
2.075188E1 1.498084E1
2.078546E1 1.469034E1
2.081903E1 1.344489E1
2.085261E1 1.110732E1
2.088619E1 8.475283E0
2.091977E1 5.750582E0
2.095336E1 2.718709E0
2.098693E1 -9.238860E-1
2.102051E1 -3.697371E0
2.105409E1 -6.919431E0
2.108767E1 -1.011338E1
2.112124E1 -1.198603E1
2.115482E1 -1.330290E1
2.118840E1 -1.428783E1
2.122199E1 -1.429611E1
2.125557E1 -1.350020E1
2.128914E1 -1.208958E1
2.132272E1 -1.053842E1
2.135630E1 -7.612173E0
2.138988E1 -4.167070E0
2.142346E1 -1.400595E0
2.145703E1 2.148192E0
2.149061E1 5.573300E0
2.152420E1 8.974539E0
2.155778E1 1.068184E1
2.159136E1 1.384831E1
2.162493E1 1.505358E1
2.165851E1 1.532080E1
2.169209E1 1.493952E1
2.172567E1 1.248162E1
2.175924E1 1.016019E1
2.179283E1 8.845944E0
2.182641E1 5.272820E0
2.185999E1 1.720058E0
2.189357E1 -1.600419E0
2.192714E1 -4.520104E0
2.196072E1 -7.260433E0
2.199430E1 -1.026416E1
2.202788E1 -1.249541E1
2.206147E1 -1.401343E1
2.209504E1 -1.436563E1
2.212862E1 -1.438105E1
2.216220E1 -1.336175E1
2.219578E1 -1.208267E1
2.222936E1 -9.536494E0
2.226293E1 -7.150144E0
2.229651E1 -4.001772E0
2.233009E1 -5.672238E-1
2.236368E1 2.618523E0
2.239726E1 6.462389E0
2.243083E1 8.962070E0
2.246441E1 1.117420E1
2.249799E1 1.271402E1
2.253157E1 1.487101E1
2.256514E1 1.365711E1
2.259872E1 1.425453E1
2.263230E1 1.232303E1
2.266589E1 1.035164E1
2.269947E1 7.693905E0
2.273304E1 4.955894E0
2.276662E1 1.210674E0
2.280020E1 -2.131223E0
2.283378E1 -4.961582E0
2.286736E1 -7.848777E0
2.290093E1 -1.026297E1
2.293452E1 -1.267876E1
2.296810E1 -1.399565E1
2.300168E1 -1.389687E1
2.303526E1 -1.434986E1
2.306883E1 -1.305028E1
2.310241E1 -1.104749E1
2.313599E1 -9.454889E0
2.316957E1 -6.562042E0
2.320316E1 -3.726409E0
2.323673E1 -2.521749E-1
2.327031E1 3.246985E0
2.330389E1 6.520705E0
2.333747E1 9.382026E0
2.337104E1 1.133993E1
2.340462E1 1.251530E1
2.343820E1 1.299439E1
2.347178E1 1.297911E1
2.350537E1 1.290891E1
2.353894E1 1.107250E1
2.357252E1 1.016940E1
2.360610E1 7.378191E0
2.363968E1 4.481806E0
2.367326E1 3.814756E-1
2.370683E1 -2.666002E0
2.374041E1 -5.695096E0
2.377400E1 -8.404132E0
2.380758E1 -1.117323E1
2.384116E1 -1.243613E1
2.387473E1 -1.409703E1
2.390831E1 -1.409988E1
2.394189E1 -1.399791E1
2.397547E1 -1.314340E1
2.400904E1 -1.068377E1
2.404262E1 -8.479631E0
2.407621E1 -5.924133E0
2.410979E1 -2.679574E0
2.414337E1 6.076460E-1
2.417694E1 3.532707E0
2.421052E1 6.846487E0
2.424410E1 9.080637E0
2.427768E1 1.116076E1
2.431126E1 1.393897E1
2.434484E1 1.463495E1
2.437842E1 1.463837E1
2.441200E1 1.347177E1
2.444558E1 1.085221E1
2.447916E1 8.735244E0
2.451273E1 6.392379E0
2.454631E1 3.092482E0
2.457989E1 -5.700853E-3
2.461347E1 -3.068491E0
2.464706E1 -6.299048E0
2.468063E1 -8.902827E0
2.471421E1 -1.121129E1
2.474779E1 -1.249579E1
2.478137E1 -1.401764E1
2.481494E1 -1.406168E1
2.484852E1 -1.388801E1
2.488210E1 -1.218102E1
2.491569E1 -1.031712E1
2.494927E1 -7.916774E0
2.498284E1 -5.310582E0
2.501642E1 -2.253051E0
2.505000E1 1.218079E0
2.508358E1 3.730065E0
2.511716E1 6.862084E0
2.515073E1 1.024853E1
2.518431E1 1.183067E1
2.521790E1 1.265983E1
2.525148E1 1.428315E1
2.528506E1 1.286091E1
2.531863E1 1.186097E1
2.535221E1 1.112403E1
2.538579E1 8.481356E0
2.541937E1 6.223210E0
2.545294E1 2.669473E0
2.548653E1 5.012840E-2
2.552011E1 -3.226977E0
2.555369E1 -6.207511E0
2.558727E1 -8.945181E0
2.562084E1 -1.139752E1
2.565442E1 -1.253746E1
2.568800E1 -1.332949E1
2.572158E1 -1.331550E1
2.575517E1 -1.325163E1
2.578874E1 -1.247026E1
2.582232E1 -1.033328E1
2.585590E1 -7.671219E0
2.588948E1 -4.857143E0
2.592306E1 -1.799047E0
2.595663E1 1.439149E0
2.599021E1 4.598632E0
2.602379E1 7.238630E0
2.605738E1 1.048125E1
2.609096E1 1.218871E1
2.612453E1 1.256885E1
2.615811E1 1.399470E1
2.619169E1 1.422440E1
2.622527E1 1.231050E1
2.625884E1 9.700177E0
2.629242E1 8.658764E0
2.632600E1 5.514785E0
2.635959E1 2.278150E0
2.639317E1 -8.887992E-1
2.642674E1 -3.745942E0
2.646032E1 -6.838131E0
2.649390E1 -9.531226E0
2.652748E1 -1.130055E1
2.656106E1 -1.315337E1
2.659463E1 -1.378203E1
2.662822E1 -1.385393E1
2.666180E1 -1.351859E1
2.669538E1 -1.204083E1
2.672896E1 -1.010552E1
2.676253E1 -7.405034E0
2.679611E1 -4.240537E0
2.682969E1 -1.156713E0
2.686327E1 2.069703E0
2.689686E1 5.142297E0
2.693043E1 8.552577E0
2.696401E1 1.030420E1
2.699759E1 1.239234E1
2.703117E1 1.273610E1
2.706474E1 1.335587E1
2.709832E1 1.366718E1
2.713190E1 1.159251E1
2.716548E1 1.028913E1
2.719907E1 7.556373E0
2.723264E1 4.872962E0
2.726622E1 1.993770E0
2.729980E1 -1.353866E0
2.733338E1 -4.681486E0
2.736696E1 -7.652555E0
2.740053E1 -9.661311E0
2.743411E1 -1.169273E1
2.746770E1 -1.287978E1
2.750128E1 -1.388735E1
2.753486E1 -1.389530E1
2.756843E1 -1.268509E1
2.760201E1 -1.074212E1
2.763559E1 -8.884831E0
2.766917E1 -6.730870E0
2.770274E1 -3.708477E0
2.773632E1 -6.967597E-1
2.776991E1 2.860263E0
2.780349E1 5.692915E0
2.783707E1 8.495249E0
2.787064E1 1.084107E1
2.790422E1 1.125286E1
2.793780E1 1.256076E1
2.797138E1 1.252798E1
2.800496E1 1.252175E1
2.803854E1 1.074648E1
2.807212E1 9.440478E0
2.810570E1 6.704373E0
2.813928E1 3.721486E0
2.817286E1 1.226960E0
2.820643E1 -2.023304E0
2.824001E1 -4.881310E0
2.827359E1 -7.027810E0
2.830717E1 -1.005292E1
2.834076E1 -1.162206E1
2.837433E1 -1.287914E1
2.840791E1 -1.369354E1
2.844149E1 -1.329174E1
2.847507E1 -1.199440E1
2.850864E1 -1.050022E1
2.854222E1 -8.283161E0
2.857580E1 -6.199944E0
2.860939E1 -3.049059E0
2.864297E1 6.882248E-2
2.867654E1 3.133776E0
2.871012E1 5.627171E0
2.874370E1 7.982602E0
2.877728E1 9.898444E0
2.881086E1 1.112469E1
2.884443E1 1.297167E1
2.887801E1 1.302557E1
2.891160E1 1.167589E1
2.894518E1 1.015797E1
2.897876E1 8.315214E0
2.901233E1 6.837947E0
2.904591E1 3.136040E0
2.907949E1 1.683049E-1
2.911307E1 -2.970035E0
2.914664E1 -5.834797E0
2.918023E1 -8.205476E0
2.921381E1 -1.056124E1
2.924739E1 -1.163727E1
2.928097E1 -1.326781E1
2.931454E1 -1.323437E1
2.934812E1 -1.296053E1
2.938170E1 -1.185026E1
2.941528E1 -1.012478E1
2.944887E1 -7.549256E0
2.948244E1 -5.495945E0
2.951602E1 -2.900677E0
2.954960E1 1.972039E-1
2.958318E1 3.185183E0
2.961676E1 6.162202E0
2.965033E1 9.232546E0
2.968391E1 1.056573E1
2.971749E1 1.160292E1
2.975108E1 1.252901E1
2.978466E1 1.255051E1
2.981823E1 1.293344E1
2.985181E1 1.077440E1
2.988539E1 7.932176E0
2.991897E1 5.915955E0
2.995254E1 3.327964E0
2.998612E1 -2.639349E-2
3.001970E1 -2.791952E0
3.005329E1 -5.429588E0
3.008687E1 -7.802841E0
3.012044E1 -1.078788E1
3.015402E1 -1.197376E1
3.018760E1 -1.271721E1
3.022118E1 -1.290977E1
3.025476E1 -1.186554E1
3.028833E1 -1.129244E1
3.032192E1 -9.524240E0
3.035550E1 -7.004442E0
3.038908E1 -4.394751E0
3.042266E1 -1.544650E0
3.045623E1 1.339982E0
3.048981E1 4.086916E0
3.052339E1 6.134006E0
3.055697E1 9.262840E0
3.059056E1 1.130398E1
3.062413E1 1.174530E1
3.065771E1 1.266875E1
3.069129E1 1.267184E1
3.072487E1 1.161840E1
3.075844E1 9.906372E0
3.079202E1 7.719943E0
3.082560E1 5.334155E0
3.085918E1 2.415418E0
3.089277E1 -7.215993E-1
3.092634E1 -3.353521E0
3.095992E1 -5.836632E0
3.099350E1 -8.386052E0
3.102708E1 -1.075139E1
3.106066E1 -1.205917E1
3.109423E1 -1.276528E1
3.112781E1 -1.282066E1
3.116140E1 -1.249566E1
3.119498E1 -1.069098E1
3.122856E1 -8.953192E0
3.126213E1 -6.763926E0
3.129571E1 -3.745335E0
3.132929E1 -1.361674E0
3.136287E1 2.236228E0
3.139644E1 5.273830E0
3.143002E1 6.588858E0
3.146361E1 9.932212E0
3.149719E1 1.219769E1
3.153077E1 1.345244E1
3.156434E1 1.386232E1
3.159792E1 1.334146E1
3.163150E1 1.116104E1
3.166508E1 9.272565E0
3.169866E1 8.070299E0
3.173224E1 4.543078E0
3.176582E1 2.166286E0
3.179940E1 -1.239008E0
3.183298E1 -3.840309E0
3.186656E1 -6.501078E0
3.190013E1 -8.996390E0
3.193371E1 -1.066825E1
3.196729E1 -1.223950E1
3.200087E1 -1.268379E1
3.203446E1 -1.272220E1
3.206803E1 -1.206266E1
3.210161E1 -1.076930E1
3.213519E1 -8.804005E0
3.216877E1 -6.735618E0
3.220234E1 -3.705831E0
3.223592E1 -9.110298E-1
3.226950E1 2.400371E0
3.230309E1 4.960236E0
3.233667E1 7.894869E0
3.237024E1 9.530119E0
3.240382E1 1.224757E1
3.243740E1 1.218077E1
3.247098E1 1.266314E1
3.250456E1 1.170024E1
3.253813E1 1.084149E1
3.257171E1 9.839166E0
3.260530E1 6.862297E0
3.263888E1 4.258917E0
3.267246E1 1.603683E0
3.270603E1 -1.856320E0
3.273961E1 -4.215973E0
3.277319E1 -7.192560E0
3.280677E1 -9.611225E0
3.284034E1 -1.103274E1
3.287393E1 -1.179697E1
3.290751E1 -1.296713E1
3.294109E1 -1.300599E1
3.297467E1 -1.115004E1
3.300824E1 -1.068468E1
3.304182E1 -8.316116E0
3.307540E1 -6.052393E0
3.310898E1 -2.876966E0
3.314257E1 -2.179555E-1
3.317614E1 2.631170E0
3.320972E1 4.882380E0
3.324330E1 8.256347E0
3.327688E1 9.369927E0
3.331046E1 1.214308E1
3.334403E1 1.119212E1
3.337761E1 1.125692E1
3.341119E1 1.158448E1
3.344478E1 1.116974E1
3.347836E1 9.127174E0
3.351193E1 6.604750E0
3.354551E1 3.700720E0
3.357909E1 1.155506E0
3.361267E1 -2.097192E0
3.364624E1 -4.700096E0
3.367982E1 -6.714788E0
3.371340E1 -9.897215E0
3.374699E1 -1.095847E1
3.378057E1 -1.229041E1
3.381414E1 -1.291078E1
3.384772E1 -1.206934E1
3.388130E1 -1.116985E1
3.391488E1 -8.963973E0
3.394846E1 -7.804682E0
3.398203E1 -4.837812E0
3.401562E1 -1.944649E0
3.404920E1 4.634926E-1
3.408278E1 3.846163E0
3.411636E1 5.664825E0
3.414993E1 9.010416E0
3.418351E1 1.090544E1
3.421709E1 1.121057E1
3.425067E1 1.253207E1
3.428426E1 1.248909E1
3.431783E1 1.113262E1
3.435141E1 1.035635E1
3.438499E1 8.096088E0
3.441857E1 5.559720E0
3.445214E1 2.396107E0
3.448572E1 1.685853E-1
3.451930E1 -2.333534E0
3.455288E1 -5.342462E0
3.458647E1 -7.547969E0
3.462004E1 -9.767863E0
3.465362E1 -1.025752E1
3.468720E1 -1.154695E1
3.472078E1 -1.237077E1
3.475436E1 -1.148191E1
3.478793E1 -9.785928E0
3.482151E1 -8.806180E0
3.485510E1 -7.241107E0
3.488868E1 -4.527532E0
3.492226E1 -1.564713E0
3.495583E1 1.038551E0
3.498941E1 3.761264E0
3.502299E1 6.268721E0
3.505657E1 8.727713E0
3.509014E1 1.119554E1
3.512372E1 1.279633E1
3.515731E1 1.116565E1
3.519089E1 1.206375E1
3.522447E1 1.166387E1
3.525804E1 9.634564E0
3.529162E1 7.887273E0
3.532520E1 4.586359E0
3.535878E1 2.055545E0
3.539236E1 -8.839814E-1
3.542594E1 -2.714399E0
3.545952E1 -5.535572E0
3.549310E1 -7.853978E0
3.552668E1 -1.062783E1
3.556026E1 -1.127701E1
3.559383E1 -1.141790E1
3.562741E1 -1.144040E1
3.566099E1 -1.084768E1
3.569457E1 -1.067590E1
3.572816E1 -8.811075E0
3.576173E1 -6.032724E0
3.579531E1 -4.106835E0
3.582889E1 -1.232357E0
3.586247E1 1.355263E0
3.589604E1 4.905394E0
3.592962E1 6.524585E0
3.596320E1 9.374071E0
3.599679E1 1.014715E1
3.603037E1 1.099177E1
3.606394E1 1.315337E1
3.609752E1 1.128061E1
3.613110E1 1.105919E1
3.616468E1 9.208239E0
3.619826E1 7.872225E0
3.623183E1 3.943124E0
3.626541E1 1.373842E0
3.629900E1 -1.279118E0
3.633258E1 -3.723312E0
3.636616E1 -6.718959E0
3.639973E1 -8.184822E0
3.643331E1 -9.986940E0
3.646689E1 -1.100810E1
3.650047E1 -1.164709E1
3.653404E1 -1.163508E1
3.656763E1 -1.223683E1
3.660121E1 -1.010332E1
3.663479E1 -8.176993E0
3.666837E1 -5.073438E0
3.670194E1 -3.093082E0
3.673552E1 -4.779442E-1
3.676910E1 2.816854E0
3.680268E1 4.793319E0
3.683627E1 7.875050E0
3.686984E1 9.610499E0
3.690342E1 1.162697E1
3.693700E1 1.205828E1
3.697058E1 1.252846E1
3.700416E1 1.186035E1
3.703773E1 1.068977E1
3.707131E1 9.301390E0
3.710489E1 6.604966E0
3.713848E1 3.599075E0
3.717206E1 1.337549E0
3.720563E1 -1.043505E0
3.723921E1 -3.863519E0
3.727279E1 -6.521260E0
3.730637E1 -8.761678E0
3.733994E1 -1.052485E1
3.737352E1 -1.168302E1
3.740710E1 -1.195804E1
3.744069E1 -1.197061E1
3.747427E1 -1.092362E1
3.750784E1 -1.025931E1
3.754142E1 -7.372656E0
3.757500E1 -5.626596E0
3.760858E1 -3.091609E0
3.764216E1 -3.503355E-1
3.767573E1 2.499640E0
3.770932E1 5.806282E0
3.774290E1 7.294368E0
3.777648E1 8.682313E0
3.781006E1 1.127722E1
3.784363E1 1.109393E1
3.787721E1 1.107807E1
3.791079E1 1.134369E1
3.794437E1 1.016211E1
3.797796E1 8.438395E0
3.801153E1 6.018762E0
3.804511E1 3.675963E0
3.807869E1 5.526699E-1
3.811227E1 -1.717026E0
3.814584E1 -4.277823E0
3.817942E1 -7.015275E0
3.821300E1 -8.813506E0
3.824658E1 -1.031587E1
3.828017E1 -1.155924E1
3.831374E1 -1.186286E1
3.834732E1 -1.122553E1
3.838090E1 -1.085864E1
3.841448E1 -9.086069E0
3.844806E1 -6.299662E0
3.848163E1 -4.486698E0
3.851521E1 -2.121643E0
3.854880E1 1.164821E0
3.858238E1 3.495740E0
3.861596E1 4.867495E0
3.864953E1 8.434804E0
3.868311E1 9.811204E0
3.871669E1 1.086341E1
3.875027E1 1.208370E1
3.878384E1 1.210838E1
3.881742E1 1.080272E1
3.885101E1 1.036354E1
3.888459E1 7.933360E0
3.891817E1 4.920334E0
3.895174E1 3.067528E0
3.898532E1 -4.840121E-1
3.901890E1 -2.415080E0
3.905248E1 -4.479363E0
3.908606E1 -7.580996E0
3.911964E1 -8.403668E0
3.915322E1 -9.908083E0
3.918680E1 -1.096897E1
3.922038E1 -1.166392E1
3.925396E1 -1.039216E1
3.928753E1 -9.582930E0
3.932111E1 -7.743660E0
3.935469E1 -7.430068E0
3.938827E1 -3.790277E0
3.942186E1 -2.285631E0
3.945543E1 4.077346E-1
3.948901E1 3.744874E0
3.952259E1 5.674494E0
3.955617E1 8.724390E0
3.958974E1 9.874507E0
3.962332E1 1.057539E1
3.965690E1 1.149899E1
3.969049E1 1.148890E1
3.972407E1 1.079101E1
3.975764E1 8.210614E0
3.979122E1 6.235465E0
3.982480E1 4.897752E0
3.985838E1 1.736562E0
3.989196E1 -3.392325E-1
3.992553E1 -3.084164E0
3.995911E1 -5.170578E0
3.999270E1 -7.732966E0
4.002628E1 -8.802652E0
4.005986E1 -9.978237E0
4.009343E1 -1.123173E1
4.012701E1 -1.121596E1
4.016059E1 -1.105214E1
4.019417E1 -8.987845E0
4.022774E1 -8.536225E0
4.026133E1 -5.434219E0
4.029491E1 -3.508691E0
4.032849E1 -7.098987E-1
4.036207E1 1.179727E0
4.039564E1 4.004573E0
4.042922E1 5.857545E0
4.046280E1 8.920301E0
4.049638E1 1.021892E1
4.052997E1 1.074172E1
4.056354E1 1.198969E1
4.059712E1 1.118170E1
4.063070E1 1.013013E1
4.066428E1 7.855057E0
4.069786E1 6.512820E0
4.073143E1 4.155156E0
4.076501E1 1.614139E0
4.079859E1 -1.053373E0
4.083218E1 -3.626132E0
4.086576E1 -5.984417E0
4.089933E1 -7.578744E0
4.093291E1 -9.354608E0
4.096649E1 -1.042092E1
4.100007E1 -1.096935E1
4.103364E1 -1.093329E1
4.106722E1 -1.025037E1
4.110080E1 -9.795389E0
4.113439E1 -7.733690E0
4.116797E1 -5.413927E0
4.120154E1 -3.397167E0
4.123512E1 -6.243367E-1
4.126870E1 2.785632E0
4.130228E1 4.876183E0
4.133586E1 6.574150E0
4.136943E1 8.929284E0
4.140302E1 9.918785E0
4.143660E1 1.165282E1
4.147018E1 1.108145E1
4.150376E1 1.004829E1
4.153733E1 9.099255E0
4.157091E1 8.462453E0
4.160449E1 6.848220E0
4.163807E1 3.336243E0
4.167166E1 1.405033E0
4.170523E1 -9.152187E-1
4.173881E1 -3.874760E0
4.177239E1 -6.017276E0
4.180597E1 -8.130655E0
4.183954E1 -9.712680E0
4.187312E1 -1.082182E1
4.190670E1 -1.070905E1
4.194028E1 -1.066467E1
4.197387E1 -9.858016E0
4.200744E1 -8.960931E0
4.204102E1 -6.377037E0
4.207460E1 -5.670635E0
4.210818E1 -2.832880E0
4.214176E1 4.596318E-1
4.217533E1 2.394582E0
4.220891E1 5.383659E0
4.224250E1 6.432872E0
4.227608E1 8.865355E0
4.230966E1 1.029896E1
4.234323E1 1.096608E1
4.237681E1 1.093614E1
4.241039E1 9.010049E0
4.244397E1 9.312730E0
4.247754E1 6.768339E0
4.251112E1 5.797188E0
4.254471E1 2.778998E0
4.257829E1 7.278426E-1
4.261187E1 -2.496706E0
4.264544E1 -4.498539E0
4.267902E1 -6.228039E0
4.271260E1 -8.388368E0
4.274618E1 -1.028227E1
4.277976E1 -1.014594E1
4.281334E1 -1.060923E1
4.284692E1 -1.055804E1
4.288050E1 -9.524353E0
4.291408E1 -8.683940E0
4.294766E1 -7.098231E0
4.298123E1 -4.680671E0
4.301481E1 -2.183595E0
4.304839E1 4.995146E-1
4.308197E1 3.284314E0
4.311556E1 5.338808E0
4.314913E1 7.428985E0
4.318271E1 9.771521E0
4.321629E1 1.065040E1
4.324987E1 1.077858E1
4.328344E1 1.077041E1
4.331702E1 1.092555E1
4.335060E1 7.849623E0
4.338419E1 7.523865E0
4.341777E1 5.462203E0
4.345134E1 2.745804E0
4.348492E1 1.670413E-1
4.351850E1 -2.827820E0
4.355208E1 -4.627725E0
4.358566E1 -7.263158E0
4.361923E1 -9.038422E0
4.365281E1 -9.968270E0
4.368640E1 -1.056602E1
4.371998E1 -1.057823E1
4.375356E1 -9.803562E0
4.378713E1 -9.715732E0
4.382071E1 -7.641759E0
4.385429E1 -5.970733E0
4.388787E1 -3.579168E0
4.392144E1 -1.521282E0
4.395503E1 7.246518E-1
4.398861E1 3.631722E0
4.402219E1 6.244230E0
4.405577E1 8.232010E0
4.408934E1 9.740667E0
4.412292E1 1.089431E1
4.415650E1 1.075596E1
4.419008E1 1.010541E1
4.422367E1 9.758156E0
4.425724E1 8.947561E0
4.429082E1 6.427396E0
4.432440E1 4.887224E0
4.435798E1 1.489124E0
4.439156E1 -7.526159E-1
4.442513E1 -2.973407E0
4.445871E1 -4.708222E0
4.449229E1 -6.665434E0
4.452588E1 -8.972480E0
4.455946E1 -9.838479E0
4.459303E1 -1.017174E1
4.462661E1 -1.014344E1
4.466019E1 -9.544475E0
4.469377E1 -9.514222E0
4.472734E1 -8.303151E0
4.476092E1 -5.587155E0
4.479450E1 -3.615630E0
4.482809E1 -3.816998E-1
4.486167E1 2.025182E0
4.489524E1 4.615955E0
4.492882E1 5.982424E0
4.496240E1 8.260929E0
4.499598E1 1.011804E1
4.502956E1 9.926677E0
4.506313E1 1.002130E1
4.509672E1 1.105501E1
4.513030E1 9.861973E0
4.516388E1 8.033333E0
4.519746E1 5.502747E0
4.523103E1 3.687651E0
4.526461E1 1.601623E0
4.529819E1 -1.144834E0
4.533177E1 -3.940094E0
4.536536E1 -5.540743E0
4.539893E1 -7.297224E0
4.543251E1 -8.904266E0
4.546609E1 -9.887864E0
4.549967E1 -1.034122E1
4.553324E1 -1.031914E1
4.556682E1 -9.908211E0
4.560040E1 -8.481220E0
4.563398E1 -6.960547E0
4.566757E1 -5.018829E0
4.570114E1 -2.709077E0
4.573472E1 -8.199686E-1
4.576830E1 2.116662E0
4.580188E1 4.357846E0
4.583546E1 6.468243E0
4.586903E1 8.108974E0
4.590261E1 9.548424E0
4.593620E1 1.061973E1
4.596978E1 1.062509E1
4.600336E1 1.026739E1
4.603693E1 8.705473E0
4.607051E1 7.831442E0
4.610409E1 4.910839E0
4.613767E1 2.940062E0
4.617124E1 5.145931E-1
4.620482E1 -1.567867E0
4.623841E1 -3.570148E0
4.627199E1 -6.155834E0
4.630557E1 -8.336595E0
4.633914E1 -8.647307E0
4.637272E1 -1.019110E1
4.640630E1 -1.070683E1
4.643988E1 -1.066600E1
4.647346E1 -8.946740E0
4.650704E1 -8.846577E0
4.654062E1 -6.964442E0
4.657420E1 -4.817843E0
4.660778E1 -2.273132E0
4.664136E1 4.974507E-2
4.667493E1 2.231995E0
4.670851E1 5.234224E0
4.674209E1 6.796519E0
4.677567E1 9.035340E0
4.680926E1 9.683979E0
4.684283E1 1.038331E1
4.687641E1 1.035147E1
4.690999E1 9.332615E0
4.694357E1 8.598579E0
4.697714E1 6.792495E0
4.701072E1 4.434182E0
4.704430E1 2.928834E0
4.707789E1 -4.355398E-1
4.711147E1 -2.522296E0
4.714504E1 -4.664095E0
4.717862E1 -7.463016E0
4.721220E1 -8.413471E0
4.724578E1 -9.843713E0
4.727936E1 -1.029879E1
4.731293E1 -1.020770E1
4.734651E1 -9.822626E0
4.738010E1 -9.092249E0
4.741368E1 -8.342942E0
4.744726E1 -6.701225E0
4.748083E1 -4.630534E0
4.751441E1 -2.283236E0
4.754799E1 1.810591E-1
4.758157E1 2.415339E0
4.761514E1 5.406948E0
4.764873E1 7.816785E0
4.768231E1 9.158889E0
4.771589E1 9.798321E0
4.774947E1 9.322204E0
4.778304E1 9.315740E0
4.781662E1 8.797819E0
4.785020E1 8.678652E0
4.788378E1 6.260220E0
4.791737E1 3.807771E0
4.795094E1 1.491011E0
4.798452E1 -3.080970E-1
4.801810E1 -3.201068E0
4.805168E1 -4.182594E0
4.808526E1 -6.364811E0
4.811883E1 -8.797254E0
4.815241E1 -9.732201E0
4.818599E1 -9.818889E0
4.821958E1 -9.800888E0
4.825316E1 -1.073423E1
4.828673E1 -9.586507E0
4.832031E1 -7.813704E0
4.835389E1 -4.862754E0
4.838747E1 -3.511125E0
4.842104E1 -1.463507E0
4.845462E1 7.426211E-1
4.848820E1 3.019847E0
4.852179E1 6.027097E0
4.855537E1 8.042065E0
4.858894E1 9.301373E0
4.862252E1 9.943261E0
4.865610E1 1.060585E1
4.868968E1 9.490587E0
4.872326E1 9.530344E0
4.875683E1 7.678864E0
4.879042E1 5.931105E0
4.882400E1 4.123196E0
4.885758E1 1.826362E0
4.889116E1 -2.348443E-1
4.892473E1 -2.587193E0
4.895831E1 -5.056780E0
4.899189E1 -7.287312E0
4.902547E1 -8.151812E0
4.905906E1 -8.911250E0
4.909263E1 -1.006735E1
4.912621E1 -1.003696E1
4.915979E1 -9.720139E0
4.919337E1 -8.510017E0
4.922694E1 -6.114125E0
4.926052E1 -4.623751E0
4.929410E1 -2.719497E0
4.932768E1 -3.434156E-1
4.936127E1 2.570174E0
4.939484E1 4.660476E0
4.942842E1 6.498774E0
4.946200E1 7.479502E0
4.949558E1 9.772032E0
4.952916E1 8.774592E0
4.956273E1 9.022620E0
4.959631E1 1.068159E1
4.962990E1 9.411047E0
4.966348E1 8.192886E0
4.969706E1 5.438407E0
4.973063E1 3.547612E0
4.976421E1 1.033904E0
4.979779E1 -1.643746E0
4.983137E1 -4.252998E0
4.986494E1 -6.201964E0
4.989852E1 -7.228501E0
4.993211E1 -8.601239E0
4.996569E1 -9.804652E0
4.999927E1 -9.774716E0
5.003284E1 -9.754048E0
5.006642E1 -9.583297E0
5.010000E1 -8.639375E0
5.013358E1 -6.667017E0
5.016716E1 -4.893111E0
5.020074E1 -2.441928E0
5.023432E1 7.041793E-1
5.026790E1 2.664348E0
5.030148E1 4.613496E0
5.033506E1 6.196023E0
5.036863E1 8.126908E0
5.040221E1 9.585047E0
5.043579E1 1.015254E1
5.046937E1 1.019810E1
5.050296E1 8.577328E0
5.053653E1 8.952232E0
5.057011E1 6.400217E0
5.060369E1 5.431516E0
5.063727E1 3.178142E0
5.067084E1 4.933808E-1
5.070442E1 -1.677990E0
5.073800E1 -3.432306E0
5.077159E1 -5.508731E0
5.080517E1 -6.958903E0
5.083874E1 -8.182114E0
5.087232E1 -9.830212E0
5.090590E1 -1.010028E1
5.093948E1 -9.778424E0
5.097306E1 -8.768952E0
5.100663E1 -7.562885E0
5.104021E1 -5.657643E0
5.107380E1 -4.604959E0
5.110738E1 -1.350676E0
5.114096E1 4.342896E-1
5.117453E1 3.594964E0
5.120811E1 4.697343E0
5.124169E1 6.840501E0
5.127527E1 8.107944E0
5.130884E1 8.476844E0
5.134243E1 9.756569E0
5.137601E1 9.721786E0
5.140959E1 9.821795E0
5.144317E1 7.517702E0
5.147674E1 5.809762E0
5.151032E1 4.885839E0
5.154390E1 1.746668E0
5.157748E1 -4.357097E-1
5.161107E1 -2.555645E0
5.164464E1 -3.890884E0
5.167822E1 -6.356184E0
5.171180E1 -7.927876E0
5.174538E1 -9.014207E0
5.177896E1 -8.837924E0
5.181253E1 -1.014074E1
5.184611E1 -1.002068E1
5.187969E1 -9.302386E0
5.191328E1 -7.185632E0
5.194686E1 -5.899320E0
5.198043E1 -3.321967E0
5.201401E1 -1.597473E0
5.204759E1 1.196164E0
5.208117E1 2.785312E0
5.211474E1 5.386905E0
5.214832E1 7.876232E0
5.218190E1 8.835855E0
5.221549E1 9.282414E0
5.224907E1 1.034886E1
5.228264E1 9.434613E0
5.231622E1 8.781940E0
5.234980E1 7.840044E0
5.238338E1 5.912139E0
5.241696E1 3.824041E0
5.245053E1 2.510521E0
5.248412E1 5.026288E-2
5.251770E1 -2.087821E0
5.255128E1 -4.622569E0
5.258486E1 -7.290775E0
5.261843E1 -7.532928E0
5.265201E1 -9.520612E0
5.268559E1 -9.174028E0
5.271917E1 -9.165505E0
5.275276E1 -8.551276E0
5.278633E1 -7.752450E0
5.281991E1 -6.377226E0
5.285349E1 -5.314565E0
5.288707E1 -2.976965E0
5.292064E1 -1.140932E0
5.295422E1 7.195565E-1
5.298780E1 3.054595E0
5.302138E1 5.811466E0
5.305497E1 7.777102E0
5.308854E1 8.085384E0
5.312212E1 8.388298E0
5.315570E1 8.721517E0
5.318928E1 9.348223E0
5.322286E1 8.948691E0
5.325643E1 7.470067E0
5.329001E1 5.228753E0
5.332360E1 3.039815E0
5.335718E1 1.498449E0
5.339076E1 -1.490367E0
5.342433E1 -3.759583E0
5.345791E1 -5.138824E0
5.349149E1 -7.040527E0
5.352507E1 -8.149231E0
5.355864E1 -9.854884E0
5.359222E1 -1.045147E1
5.362581E1 -1.043327E1
5.365939E1 -9.924046E0
5.369297E1 -7.766984E0
5.372654E1 -6.405257E0
5.376012E1 -4.280767E0
5.379370E1 -2.193424E0
5.382728E1 -5.477932E-2
5.386086E1 1.733882E0
5.389444E1 3.435161E0
5.392802E1 6.567722E0
5.396160E1 7.767116E0
5.399518E1 9.050324E0
5.402876E1 9.593234E0
5.406233E1 9.602531E0
5.409591E1 9.341140E0
5.412949E1 9.062027E0
5.416307E1 6.875546E0
5.419666E1 4.623021E0
5.423023E1 2.160494E0
5.426381E1 6.622115E-1
5.429739E1 -1.243403E0
5.433097E1 -4.311656E0
5.436454E1 -6.162713E0
5.439812E1 -7.531447E0
5.443170E1 -8.805866E0
5.446529E1 -9.147513E0
5.449887E1 -9.736755E0
5.453244E1 -9.724459E0
5.456602E1 -8.713362E0
5.459960E1 -7.874947E0
5.463318E1 -5.105274E0
5.466676E1 -4.200714E0
5.470033E1 -1.996447E0
5.473391E1 -2.885660E-1
5.476750E1 3.008135E0
5.480108E1 4.222662E0
5.483466E1 6.798462E0
5.486823E1 7.987831E0
5.490181E1 9.257942E0
5.493539E1 9.306934E0
5.496897E1 9.295979E0
5.500254E1 8.930309E0
5.503613E1 7.270146E0
5.506971E1 7.103499E0
5.510329E1 4.781658E0
5.513687E1 2.050149E0
5.517044E1 -4.645671E-1
5.520402E1 -1.429765E0
5.523760E1 -3.282978E0
5.527118E1 -4.934440E0
5.530477E1 -7.681770E0
5.533834E1 -8.326618E0
5.537192E1 -9.540017E0
5.540550E1 -9.229251E0
5.543908E1 -9.158056E0
5.547266E1 -8.733179E0
5.550623E1 -7.266726E0
5.553981E1 -5.715892E0
5.557339E1 -2.748290E0
5.560698E1 -1.363912E0
5.564056E1 9.660912E-1
5.567413E1 2.797351E0
5.570771E1 5.422965E0
5.574129E1 6.328523E0
5.577487E1 8.449280E0
5.580844E1 9.719187E0
5.584202E1 9.008660E0
5.587560E1 8.983292E0
5.590919E1 7.522574E0
5.594277E1 8.001788E0
5.597634E1 5.636928E0
5.600992E1 3.311730E0
5.604350E1 1.439385E0
5.607708E1 -5.901128E-1
5.611066E1 -2.441279E0
5.614423E1 -4.345847E0
5.617782E1 -5.888740E0
5.621140E1 -7.218894E0
5.624498E1 -9.016878E0
5.627856E1 -9.762550E0
5.631213E1 -9.751598E0
5.634571E1 -9.320354E0
5.637929E1 -7.792941E0
5.641287E1 -6.688807E0
5.644646E1 -4.395391E0
5.648003E1 -2.522055E0
5.651361E1 -5.811414E-1
5.654719E1 1.494650E0
5.658077E1 3.525287E0
5.661434E1 4.699142E0
5.664792E1 7.580589E0
5.668150E1 8.162632E0
5.671508E1 8.331580E0
5.674867E1 8.351369E0
5.678224E1 9.766894E0
5.681582E1 7.425795E0
5.684940E1 6.256225E0
5.688298E1 5.630024E0
5.691656E1 3.849668E0
5.695013E1 7.562805E-1
5.698371E1 -1.246792E0
5.701730E1 -3.216121E0
5.705088E1 -5.593961E0
5.708446E1 -7.015063E0
5.711803E1 -8.137753E0
5.715161E1 -8.828633E0
5.718519E1 -9.671766E0
5.721877E1 -9.658159E0
5.725234E1 -8.903750E0
5.728592E1 -8.180141E0
5.731951E1 -5.619832E0
5.735309E1 -4.768374E0
5.738667E1 -2.696362E0
5.742024E1 -8.274533E-1
5.745382E1 2.473578E0
5.748740E1 3.553423E0
5.752098E1 5.842544E0
5.755456E1 6.560305E0
5.758814E1 8.491019E0
5.762172E1 9.994227E0
5.765530E1 9.324672E0
5.768888E1 8.992591E0
5.772246E1 8.585843E0
5.775603E1 6.666387E0
5.778961E1 4.830207E0
5.782319E1 2.271270E0
5.785677E1 8.309897E-1
5.789036E1 -1.378110E0
5.792393E1 -3.198112E0
5.795751E1 -5.295163E0
5.799109E1 -6.289838E0
5.802467E1 -8.268054E0
5.805824E1 -7.864766E0
5.809182E1 -8.845258E0
5.812540E1 -8.483629E0
5.815899E1 -7.662753E0
5.819257E1 -7.078791E0
5.822614E1 -5.092342E0
5.825972E1 -3.793175E0
5.829330E1 -1.335932E0
5.832688E1 6.080362E-1
5.836046E1 2.140155E0
5.839403E1 4.144580E0
5.842761E1 6.140803E0
5.846120E1 7.865346E0
5.849478E1 9.072100E0
5.852836E1 9.811680E0
5.856193E1 9.806525E0
5.859551E1 8.968650E0
5.862909E1 8.113997E0
5.866267E1 5.368144E0
5.869624E1 4.080559E0
5.872983E1 2.638448E0
5.876341E1 1.434488E-1
5.879699E1 -2.288471E0
5.883057E1 -3.474851E0
5.886414E1 -5.742152E0
5.889772E1 -6.506363E0
5.893130E1 -7.998561E0
5.896488E1 -8.534414E0
5.899847E1 -9.061027E0
5.903204E1 -8.826996E0
5.906562E1 -8.505352E0
5.909920E1 -6.157333E0
5.913278E1 -5.137228E0
5.916636E1 -4.381486E0
5.919993E1 -1.653690E0
5.923351E1 1.152394E0
5.926709E1 2.184108E0
5.930068E1 4.630888E0
5.933426E1 7.113468E0
5.936783E1 8.321334E0
5.940141E1 8.933142E0
5.943499E1 9.591052E0
5.946857E1 9.480627E0
5.950214E1 8.142120E0
5.953572E1 6.322190E0
5.956930E1 5.705033E0
5.960289E1 3.753439E0
5.963647E1 1.503173E0
5.967004E1 -5.076166E-1
5.970362E1 -2.603787E0
5.973720E1 -3.993422E0
5.977078E1 -5.836982E0
5.980436E1 -7.748719E0
5.983793E1 -8.199154E0
5.987152E1 -8.932339E0
5.990510E1 -8.944489E0
5.993868E1 -8.430906E0
5.997226E1 -6.893941E0
6.000583E1 -5.854523E0
6.003941E1 -4.733130E0
6.007299E1 -2.955587E0
6.010657E1 -3.584455E-1
6.014016E1 9.249188E-1
6.017373E1 3.009802E0
6.020731E1 4.827270E0
6.024089E1 7.069254E0
6.027447E1 7.797420E0
6.030804E1 9.177554E0
6.034162E1 8.184813E0
6.037520E1 7.778271E0
6.040878E1 7.460435E0
6.044237E1 6.959797E0
6.047594E1 4.756526E0
6.050952E1 3.336821E0
6.054310E1 1.645550E0
6.057668E1 -3.990401E-1
6.061026E1 -2.957983E0
6.064383E1 -5.276839E0
6.067741E1 -6.634255E0
6.071100E1 -7.589196E0
6.074458E1 -8.010337E0
6.077816E1 -7.814333E0
6.081173E1 -7.816647E0
6.084531E1 -8.096030E0
6.087889E1 -7.547609E0
6.091247E1 -5.445717E0
6.094604E1 -4.125445E0
6.097962E1 -2.034538E0
6.101321E1 9.946873E-2
6.104679E1 1.733284E0
6.108037E1 4.104572E0
6.111394E1 4.742083E0
6.114752E1 6.868530E0
6.118110E1 7.845908E0
6.121468E1 7.923812E0
6.124826E1 7.932437E0
6.128184E1 8.369724E0
6.131542E1 7.485226E0
6.134900E1 6.716477E0
6.138258E1 4.918529E0
6.141616E1 2.787080E0
6.144973E1 8.140955E-1
6.148331E1 -1.658843E0
6.151689E1 -2.960539E0
6.155047E1 -5.743660E0
6.158406E1 -6.626768E0
6.161763E1 -7.190863E0
6.165121E1 -7.454175E0
6.168479E1 -9.004802E0
6.171837E1 -9.003422E0
6.175194E1 -7.857445E0
6.178552E1 -7.181776E0
6.181910E1 -5.743310E0
6.185269E1 -3.767266E0
6.188627E1 -2.273803E0
6.191984E1 6.321715E-1
6.195342E1 2.671054E0
6.198700E1 4.624134E0
6.202058E1 5.837953E0
6.205416E1 7.560492E0
6.208773E1 8.975822E0
6.212131E1 8.711274E0
6.215490E1 8.734044E0
6.218848E1 7.877854E0
6.222206E1 7.501220E0
6.225563E1 5.809378E0
6.228921E1 4.114690E0
6.232279E1 1.888553E0
6.235637E1 9.444310E-1
6.238994E1 -1.109805E0
6.242353E1 -3.168203E0
6.245711E1 -4.781813E0
6.249069E1 -6.537857E0
6.252427E1 -6.830591E0
6.255784E1 -8.547963E0
6.259142E1 -8.204012E0
6.262500E1 -8.187050E0
6.265858E1 -7.851562E0
6.269217E1 -5.380113E0
6.272574E1 -4.510734E0
6.275932E1 -3.343231E0
6.279290E1 -1.547969E0
6.282648E1 9.092017E-1
6.286006E1 2.881681E0
6.289363E1 3.688177E0
6.292721E1 5.740409E0
6.296079E1 7.947074E0
6.299438E1 9.072605E0
6.302796E1 9.096912E0
6.306153E1 8.557153E0
6.309511E1 6.616397E0
6.312869E1 6.071192E0
6.316227E1 4.559543E0
6.319584E1 3.625536E0
6.322942E1 1.707929E0
6.326300E1 1.561717E-1
6.329659E1 -2.459750E0
6.333017E1 -4.411943E0
6.336374E1 -5.799040E0
6.339732E1 -7.551899E0
6.343090E1 -7.907320E0
6.346448E1 -8.798679E0
6.349806E1 -8.831946E0
6.353163E1 -7.862175E0
6.356522E1 -7.417193E0
6.359880E1 -5.561948E0
6.363238E1 -3.674751E0
6.366596E1 -2.190517E0
6.369953E1 -6.213621E-1
6.373311E1 1.828927E0
6.376669E1 3.732696E0
6.380027E1 4.594945E0
6.383386E1 5.894431E0
6.386743E1 6.727548E0
6.390101E1 8.061316E0
6.393459E1 7.973174E0
6.396817E1 7.965042E0
6.400174E1 7.295166E0
6.403532E1 5.873428E0
6.406890E1 4.977226E0
6.410248E1 2.735016E0
6.413607E1 5.601400E-1
6.416964E1 -3.805895E-1
6.420322E1 -3.317771E0
6.423680E1 -4.537023E0
6.427038E1 -5.885658E0
6.430396E1 -6.362967E0
6.433753E1 -7.806170E0
6.437111E1 -8.752172E0
6.440470E1 -8.783486E0
6.443828E1 -7.733695E0
6.447186E1 -5.580177E0
6.450543E1 -5.297249E0
6.453901E1 -2.973481E0
6.457259E1 -2.530049E0
6.460617E1 -2.187430E-1
6.463974E1 2.243338E0
6.467332E1 4.317370E0
6.470691E1 5.184051E0
6.474049E1 6.975558E0
6.477407E1 6.897322E0
6.480764E1 8.015677E0
6.484122E1 8.083972E0
6.487480E1 8.010714E0
6.490838E1 6.944950E0
6.494196E1 5.285270E0
6.497554E1 4.539845E0
6.500912E1 3.197408E0
6.504270E1 2.888477E-1
6.507628E1 -1.012619E0
6.510986E1 -3.470685E0
6.514343E1 -4.783013E0
6.517701E1 -5.905744E0
6.521059E1 -6.821709E0
6.524417E1 -8.074242E0
6.527776E1 -8.332981E0
6.531133E1 -8.337358E0
6.534491E1 -8.249372E0
6.537849E1 -6.642202E0
6.541207E1 -4.848126E0
6.544564E1 -3.709830E0
6.547922E1 -1.414921E0
6.551280E1 -2.519729E-1
6.554639E1 1.925346E0
6.557997E1 4.211731E0
6.561354E1 4.493744E0
6.564712E1 6.638806E0
6.568070E1 7.146259E0
6.571428E1 8.971474E0
6.574786E1 9.011916E0
6.578143E1 7.681752E0
6.581501E1 6.666041E0
6.584860E1 4.610287E0
6.588218E1 3.622480E0
6.591576E1 2.662873E0
6.594933E1 -4.186677E-1
6.598291E1 -1.751817E0
6.601649E1 -3.681147E0
6.605007E1 -4.425685E0
6.608364E1 -6.609953E0
6.611723E1 -6.955821E0
6.615081E1 -7.615529E0
6.618439E1 -7.718077E0
6.621797E1 -8.047908E0
6.625154E1 -6.748218E0
6.628512E1 -5.994070E0
6.631870E1 -4.492165E0
6.635228E1 -2.440654E0
6.638587E1 -1.909953E0
6.641944E1 1.332086E0
6.645302E1 2.920938E0
6.648660E1 3.427986E0
6.652018E1 6.258754E0
6.655376E1 6.665399E0
6.658733E1 8.010829E0
6.662091E1 7.520983E0
6.665449E1 7.529191E0
6.668808E1 7.028591E0
6.672166E1 6.975098E0
6.675523E1 5.132395E0
6.678881E1 3.739358E0
6.682239E1 1.147416E0
6.685597E1 -6.177492E-1
6.688954E1 -1.927889E0
6.692312E1 -3.544642E0
6.695670E1 -4.030396E0
6.699029E1 -5.642783E0
6.702387E1 -7.007854E0
6.705744E1 -7.906785E0
6.709102E1 -7.872152E0
6.712460E1 -6.845538E0
6.715818E1 -6.682219E0
6.719176E1 -5.028677E0
6.722533E1 -3.308594E0
6.725892E1 -2.969889E0
6.729250E1 -6.182361E-1
6.732608E1 1.709131E0
6.735966E1 2.564297E0
6.739323E1 4.331358E0
6.742681E1 6.440789E0
6.746039E1 6.898550E0
6.749397E1 7.559087E0
6.752756E1 7.424334E0
6.756113E1 7.510943E0
6.759471E1 5.767052E0
6.762829E1 5.879988E0
6.766187E1 4.317872E0
6.769544E1 2.736647E0
6.772902E1 7.231898E-1
6.776260E1 -8.413708E-1
6.779618E1 -2.675282E0
6.782977E1 -4.457974E0
6.786334E1 -4.651951E0
6.789692E1 -6.649845E0
6.793050E1 -7.118413E0
6.796408E1 -8.094066E0
6.799766E1 -8.090625E0
6.803123E1 -7.722904E0
6.806481E1 -7.100478E0
6.809840E1 -4.929242E0
6.813198E1 -4.186871E0
6.816556E1 -1.147705E0
6.819913E1 -1.118601E0
6.823271E1 1.616863E0
6.826629E1 2.505603E0
6.829987E1 5.070747E0
6.833344E1 6.932615E0
6.836702E1 6.811545E0
6.840061E1 7.960764E0
6.843419E1 7.954602E0
6.846777E1 7.074358E0
6.850134E1 7.184273E0
6.853492E1 5.959371E0
6.856850E1 3.728730E0
6.860208E1 1.751605E0
6.863566E1 4.386993E-1
6.866924E1 -8.755739E-1
6.870282E1 -3.254285E0
6.873640E1 -3.665751E0
6.876998E1 -5.012098E0
6.880356E1 -6.704211E0
6.883713E1 -7.129930E0
6.887071E1 -7.865440E0
6.890429E1 -7.112583E0
6.893787E1 -6.591067E0
6.897146E1 -6.145389E0
6.900503E1 -4.665113E0
6.903861E1 -3.008377E0
6.907219E1 -1.098460E0
6.910577E1 3.385824E-1
6.913934E1 2.531150E0
6.917292E1 3.411013E0
6.920650E1 4.879380E0
6.924009E1 6.932664E0
6.927367E1 6.942374E0
6.930724E1 7.868424E0
6.934082E1 7.861079E0
6.937440E1 7.681260E0
6.940798E1 5.706306E0
6.944156E1 5.275122E0
6.947513E1 2.855549E0
6.950871E1 2.596773E0
6.954230E1 4.424773E-2
6.957588E1 -1.930418E0
6.960946E1 -3.555605E0
6.964303E1 -4.663273E0
6.967661E1 -5.970595E0
6.971019E1 -6.327318E0
6.974377E1 -7.884920E0
6.977734E1 -7.905011E0
6.981093E1 -7.383282E0
6.984451E1 -6.102568E0
6.987809E1 -5.983827E0
6.991167E1 -4.392441E0
6.994524E1 -2.435957E0
6.997882E1 -1.010744E0
7.001240E1 4.394745E-1
7.004598E1 2.680992E0
7.007957E1 4.716135E0
7.011314E1 5.863626E0
7.014672E1 5.959167E0
7.018030E1 6.837827E0
7.021388E1 6.814452E0
7.024746E1 6.794169E0
7.028103E1 6.665494E0
7.031461E1 6.112652E0
7.034819E1 4.766084E0
7.038178E1 2.377791E0
7.041536E1 8.828303E-1
7.044893E1 1.568618E-1
7.048251E1 -2.439037E0
7.051609E1 -3.870924E0
7.054967E1 -4.278515E0
7.058324E1 -6.911715E0
7.061682E1 -7.731515E0
7.065040E1 -6.549471E0
7.068399E1 -6.515752E0
7.071757E1 -6.896867E0
7.075114E1 -5.265267E0
7.078472E1 -5.783171E0
7.081830E1 -4.487919E0
7.085188E1 -2.289129E0
7.088546E1 -7.599590E-1
7.091903E1 1.873624E0
7.095262E1 2.334808E0
7.098620E1 4.736735E0
7.101978E1 6.250120E0
7.105336E1 6.647307E0
7.108693E1 8.264982E0
7.112051E1 6.962092E0
7.115409E1 7.320381E0
7.118767E1 6.345897E0
7.122126E1 5.954007E0
7.125483E1 4.457748E0
7.128841E1 2.773354E0
7.132199E1 6.600392E-1
7.135557E1 -1.363491E0
7.138914E1 -3.145090E0
7.142272E1 -3.269956E0
7.145630E1 -5.796902E0
7.148988E1 -6.595982E0
7.152347E1 -6.491151E0
7.155704E1 -7.942320E0
7.159062E1 -7.922414E0
7.162420E1 -6.543026E0
7.165778E1 -5.491098E0
7.169136E1 -5.376558E0
7.172493E1 -3.015276E0
7.175851E1 -1.137046E0
7.179210E1 2.701173E-1
7.182568E1 2.063468E0
7.185926E1 3.640798E0
7.189283E1 4.334154E0
7.192641E1 5.634117E0
7.195999E1 7.225226E0
7.199357E1 7.332641E0
7.202714E1 7.346069E0
7.206072E1 6.756086E0
7.209431E1 6.376023E0
7.212789E1 5.541409E0
7.216147E1 3.803069E0
7.219504E1 2.781416E0
7.222862E1 -1.618342E-1
7.226220E1 -1.623448E0
7.229578E1 -2.762679E0
7.232936E1 -3.477593E0
7.236294E1 -5.960913E0
7.239652E1 -6.392980E0
7.243010E1 -6.672595E0
7.246368E1 -7.509796E0
7.249726E1 -7.036241E0
7.253083E1 -7.361732E0
7.256441E1 -5.824662E0
7.259799E1 -4.886436E0
7.263157E1 -3.659697E0
7.266516E1 -1.033296E0
7.269873E1 1.809028E-1
7.273231E1 2.316047E0
7.276589E1 4.002975E0
7.279947E1 5.751838E0
7.283304E1 6.486284E0
7.286662E1 7.425194E0
7.290020E1 8.084078E0
7.293379E1 8.035487E0
7.296737E1 5.860971E0
7.300094E1 5.736700E0
7.303452E1 5.116077E0
7.306810E1 3.034655E0
7.310168E1 1.402903E0
7.313526E1 -5.391305E-1
7.316883E1 -1.703889E0
7.320241E1 -3.117462E0
7.323600E1 -4.169419E0
7.326958E1 -6.012596E0
7.330316E1 -6.688291E0
7.333673E1 -6.394565E0
7.337031E1 -6.464473E0
7.340389E1 -7.439087E0
7.343747E1 -5.741154E0
7.347104E1 -5.025859E0
7.350463E1 -4.646742E0
7.353821E1 -3.058559E0
7.357179E1 -7.404561E-1
7.360537E1 7.914923E-1
7.363894E1 2.789544E0
7.367252E1 3.156014E0
7.370610E1 4.750402E0
7.373968E1 5.772690E0
7.377327E1 6.580015E0
7.380684E1 6.545507E0
7.384042E1 6.503026E0
7.387400E1 5.696344E0
7.390758E1 5.375864E0
7.394116E1 3.674946E0
7.397473E1 3.663350E0
7.400831E1 2.097518E0
7.404189E1 4.980392E-1
7.407548E1 -1.335181E0
7.410906E1 -3.695057E0
7.414263E1 -5.200017E0
7.417621E1 -4.965329E0
7.420979E1 -5.845454E0
7.424337E1 -6.562022E0
7.427694E1 -6.548528E0
7.431052E1 -6.523610E0
7.434410E1 -5.400242E0
7.437769E1 -5.165616E0
7.441127E1 -3.070844E0
7.444484E1 -2.034994E0
7.447842E1 6.196000E-2
7.451200E1 1.451920E0
7.454558E1 2.690037E0
7.457916E1 4.553380E0
7.461273E1 5.943296E0
7.464632E1 6.171859E0
7.467990E1 7.195629E0
7.471348E1 7.357813E0
7.474706E1 6.840653E0
7.478063E1 6.041324E0
7.481421E1 4.983050E0
7.484779E1 3.439699E0
7.488137E1 2.281873E0
7.491496E1 1.358992E0
7.494853E1 -1.110282E0
7.498211E1 -1.773389E0
7.501569E1 -3.032025E0
7.504927E1 -4.778432E0
7.508284E1 -5.470194E0
7.511642E1 -6.743086E0
7.515000E1 -6.777881E0
7.518358E1 -6.751787E0
7.521717E1 -6.451499E0
7.525074E1 -5.639044E0
7.528432E1 -4.160817E0
7.531790E1 -2.450814E0
7.535148E1 -1.232062E0
7.538506E1 4.789178E-1
7.541863E1 7.792494E-1
7.545221E1 3.206838E0
7.548580E1 4.861831E0
7.551938E1 5.780347E0
7.555296E1 7.384043E0
7.558653E1 7.422485E0
7.562011E1 7.420626E0
7.565369E1 6.552040E0
7.568727E1 5.886832E0
7.572084E1 5.467659E0
7.575442E1 3.692062E0
7.578801E1 2.695127E0
7.582159E1 5.979459E-1
7.585517E1 -1.036481E0
7.588874E1 -2.589566E0
7.592232E1 -4.914115E0
7.595590E1 -5.406007E0
7.598948E1 -6.283640E0
7.602306E1 -6.183143E0
7.605664E1 -6.446795E0
7.609022E1 -6.867826E0
7.612380E1 -5.645792E0
7.615738E1 -4.225042E0
7.619096E1 -4.122911E0
7.622453E1 -2.353839E0
7.625811E1 -8.431007E-1
7.629169E1 1.587561E-1
7.632527E1 2.437969E0
7.635886E1 4.314985E0
7.639243E1 5.032250E0
7.642601E1 6.004637E0
7.645959E1 6.120750E0
7.649317E1 6.382166E0
7.652674E1 6.414605E0
7.656032E1 5.991644E0
7.659390E1 5.290940E0
7.662749E1 3.766889E0
7.666107E1 2.849637E0
7.669464E1 1.417017E0
7.672822E1 5.774315E-1
7.676180E1 -2.038044E0
7.679538E1 -2.834799E0
7.682896E1 -3.917215E0
7.686253E1 -5.390122E0
7.689611E1 -6.792011E0
7.692970E1 -6.301176E0
7.696328E1 -6.280781E0
7.699686E1 -6.913058E0
7.703043E1 -5.345877E0
7.706401E1 -4.415546E0
7.709759E1 -3.850774E0
7.713117E1 -2.429640E0
7.716474E1 -4.525535E-1
7.719833E1 1.079978E0
7.723191E1 2.685253E0
7.726549E1 4.220404E0
7.729907E1 5.526085E0
7.733264E1 5.806372E0
7.736622E1 6.494097E0
7.739980E1 7.218813E0
7.743338E1 6.595204E0
7.746697E1 6.401592E0
7.750054E1 5.860641E0
7.753412E1 4.521857E0
7.756770E1 3.052818E0
7.760128E1 6.848281E-1
7.763486E1 -1.812847E-1
7.766843E1 -2.727166E0
7.770201E1 -2.316229E0
7.773559E1 -4.136584E0
7.776918E1 -5.557060E0
7.780276E1 -6.358122E0
7.783633E1 -7.336032E0
7.786991E1 -7.336757E0
7.790349E1 -5.745437E0
7.793707E1 -4.998357E0
7.797064E1 -4.381783E0
7.800422E1 -2.540491E0
7.803780E1 -1.759092E0
7.807139E1 -1.993599E-1
7.810497E1 1.713404E0
7.813854E1 2.317331E0
7.817212E1 4.102528E0
7.820570E1 6.024418E0
7.823928E1 5.962136E0
7.827286E1 5.851010E0
7.830643E1 6.217010E0
7.834002E1 5.938272E0
7.837360E1 5.971890E0
7.840718E1 4.651844E0
7.844076E1 3.946429E0
7.847433E1 2.446491E0
7.850791E1 -6.661044E-2
7.854149E1 -1.013743E0
7.857507E1 -2.204489E0
7.860866E1 -3.494826E0
7.864223E1 -4.362944E0
7.867581E1 -5.665352E0
7.870939E1 -6.034364E0
7.874297E1 -6.634848E0
7.877654E1 -6.654927E0
7.881012E1 -5.702170E0
7.884370E1 -4.855122E0
7.887728E1 -4.018165E0
7.891087E1 -2.776607E0
7.894444E1 -1.988279E0
7.897802E1 -1.998971E-1
7.901160E1 1.491632E0
7.904518E1 3.007601E0
7.907876E1 4.619969E0
7.911233E1 5.459656E0
7.914591E1 6.607884E0
7.917950E1 7.013789E0
7.921308E1 7.008586E0
7.924666E1 6.184395E0
7.928023E1 4.611432E0
7.931381E1 4.656033E0
7.934739E1 2.881496E0
7.938097E1 1.275081E0
7.941454E1 6.718801E-2
7.944812E1 -2.187897E0
7.948171E1 -2.457355E0
7.951529E1 -3.366579E0
7.954887E1 -5.387786E0
7.958244E1 -4.990689E0
7.961602E1 -5.734213E0
7.964960E1 -6.498943E0
7.968318E1 -6.705366E0
7.971676E1 -6.188087E0
7.975034E1 -4.881177E0
7.978392E1 -3.726728E0
7.981750E1 -2.232104E0
7.985108E1 -1.290443E0
7.988466E1 -1.483947E-3
7.991823E1 1.745539E0
7.995181E1 3.977160E0
7.998539E1 4.169150E0
8.001897E1 6.324358E0
8.005256E1 6.673216E0
8.008613E1 6.295587E0
8.011971E1 6.302157E0
8.015329E1 5.907569E0
8.018687E1 5.096437E0
8.022044E1 4.550603E0
8.025402E1 2.711489E0
8.028760E1 1.982939E0
8.032119E1 5.987198E-1
8.035477E1 -1.862706E0
8.038834E1 -2.625820E0
8.042192E1 -3.762221E0
8.045550E1 -5.874706E0
8.048908E1 -5.329612E0
8.052266E1 -6.354827E0
8.055623E1 -6.335802E0
8.058981E1 -6.353239E0
8.062340E1 -6.399103E0
8.065698E1 -5.402434E0
8.069056E1 -2.952423E0
8.072413E1 -1.676407E0
8.075771E1 -6.248503E-1
8.079129E1 4.321161E-1
8.082487E1 3.039631E0
8.085844E1 3.774289E0
8.089203E1 4.726341E0
8.092561E1 6.939090E0
8.095919E1 6.679918E0
8.099277E1 6.302795E0
8.102634E1 6.225754E0
8.105992E1 5.444450E0
8.109350E1 4.727885E0
8.112708E1 3.035475E0
8.116067E1 1.859593E0
8.119424E1 1.780021E0
8.122782E1 -8.523413E-1
8.126140E1 -1.959420E0
8.129498E1 -2.529167E0
8.132856E1 -4.755460E0
8.136213E1 -6.253220E0
8.139571E1 -5.907273E0
8.142929E1 -6.610388E0
8.146288E1 -6.577793E0
8.149646E1 -5.382210E0
8.153003E1 -5.619605E0
8.156361E1 -5.053803E0
8.159719E1 -3.351494E0
8.163077E1 -1.984587E0
8.166434E1 -5.817751E-1
8.169792E1 1.127371E0
8.173150E1 2.822959E0
8.176509E1 3.551123E0
8.179867E1 4.627771E0
8.183224E1 5.651676E0
8.186582E1 6.751552E0
8.189940E1 6.775159E0
8.193298E1 5.776822E0
8.196656E1 5.558409E0
8.200013E1 4.654281E0
8.203372E1 2.665396E0
8.206730E1 1.711109E0
8.210088E1 9.702609E-1
8.213446E1 -1.349153E0
8.216803E1 -1.731802E0
8.220161E1 -3.989563E0
8.223519E1 -4.948190E0
8.226877E1 -4.834407E0
8.230236E1 -6.018163E0
8.233593E1 -6.370432E0
8.236951E1 -6.373961E0
8.240309E1 -5.360084E0
8.243667E1 -5.082301E0
8.247024E1 -3.622768E0
8.250382E1 -2.194328E0
8.253740E1 -1.881133E0
8.257098E1 -2.512339E-1
8.260457E1 1.382984E0
8.263814E1 2.583951E0
8.267172E1 4.986555E0
8.270530E1 4.991637E0
8.273888E1 5.172631E0
8.277246E1 5.903646E0
8.280603E1 5.919838E0
8.283961E1 5.847359E0
8.287320E1 5.392199E0
8.290678E1 3.768172E0
8.294036E1 3.622493E0
8.297393E1 1.659454E0
8.300751E1 4.381275E-1
8.304109E1 -2.156781E0
8.307467E1 -3.358218E0
8.310824E1 -4.547531E0
8.314182E1 -4.313656E0
8.317541E1 -6.278760E0
8.320899E1 -6.727777E0
8.324257E1 -6.714294E0
8.327614E1 -6.390226E0
8.330972E1 -6.030543E0
8.334330E1 -4.215019E0
8.337688E1 -2.978492E0
8.341046E1 -2.537158E0
8.344404E1 -1.192789E0
8.347762E1 3.729031E-1
8.351120E1 2.510976E0
8.354478E1 4.032107E0
8.357836E1 4.787081E0
8.361193E1 5.006211E0
8.364551E1 6.363484E0
8.367909E1 5.921297E0
8.371267E1 5.963587E0
8.374626E1 5.094536E0
8.377983E1 5.024755E0
8.381341E1 4.483019E0
8.384699E1 1.690169E0
8.388057E1 5.793777E-1
8.391414E1 1.638094E-1
8.394772E1 -1.821259E0
8.398130E1 -3.208085E0
8.401489E1 -4.044743E0
8.404847E1 -5.766540E0
8.408204E1 -5.502657E0
8.411562E1 -6.631029E0
8.414920E1 -6.629475E0
8.418278E1 -6.295212E0
8.421636E1 -4.701409E0
8.424993E1 -4.708318E0
8.428351E1 -3.704406E0
8.431710E1 -2.045460E0
8.435068E1 -1.575185E-2
8.438426E1 1.281489E0
8.441783E1 2.349919E0
8.445141E1 3.801233E0
8.448499E1 4.186779E0
8.451857E1 5.992426E0
8.455214E1 6.164447E0
8.458573E1 6.200828E0
8.461931E1 5.701583E0
8.465289E1 6.024211E0
8.468647E1 4.471478E0
8.472004E1 2.626549E0
8.475362E1 2.435253E0
8.478720E1 9.574962E-1
8.482078E1 -4.156016E-1
8.485437E1 -2.727100E0
8.488794E1 -3.768789E0
8.492152E1 -4.689292E0
8.495510E1 -5.340355E0
8.498868E1 -6.626145E0
8.502226E1 -6.594137E0
8.505583E1 -6.619633E0
8.508941E1 -5.451480E0
8.512299E1 -4.329319E0
8.515658E1 -3.756704E0
8.519016E1 -2.698749E0
8.522373E1 -2.119021E0
8.525731E1 -3.651434E-1
8.529089E1 1.626002E0
8.532447E1 2.516451E0
8.535804E1 3.994334E0
8.539162E1 4.339988E0
8.542520E1 5.662603E0
8.545879E1 6.491738E0
8.549237E1 6.522438E0
8.552594E1 5.653551E0
8.555952E1 5.741866E0
8.559310E1 4.420498E0
8.562668E1 2.306765E0
8.566026E1 2.373936E0
8.569383E1 -8.919707E-2
8.572742E1 -3.904627E-1
8.576100E1 -2.908331E0
8.579458E1 -3.497892E0
8.582816E1 -5.359062E0
8.586173E1 -5.376759E0
8.589531E1 -6.598341E0
8.592889E1 -6.091336E0
8.596247E1 -6.108372E0
8.599606E1 -5.698905E0
8.602963E1 -4.824389E0
8.606321E1 -3.554808E0
8.609679E1 -2.469989E0
8.613037E1 -1.362403E0
8.616394E1 -9.945809E-2
8.619752E1 1.449007E0
8.623110E1 2.524022E0
8.626468E1 4.357888E0
8.629827E1 4.811498E0
8.633184E1 5.958477E0
8.636542E1 5.629082E0
8.639900E1 5.667187E0
8.643258E1 5.749274E0
8.646616E1 4.850246E0
8.649973E1 4.076899E0
8.653331E1 3.141669E0
8.656690E1 8.230682E-1
8.660048E1 8.471105E-1
8.663406E1 -1.426466E0
8.666763E1 -2.978994E0
8.670121E1 -3.645969E0
8.673479E1 -5.353660E0
8.676837E1 -5.102211E0
8.680194E1 -6.772493E0
8.683552E1 -6.799097E0
8.686911E1 -6.591266E0
8.690269E1 -5.197140E0
8.693627E1 -3.911171E0
8.696984E1 -2.710479E0
8.700342E1 -1.275694E0
8.703700E1 -2.135051E-3
8.707058E1 4.171367E-1
8.710416E1 1.847065E0
8.713774E1 4.241564E0
8.717132E1 5.019609E0
8.720490E1 4.436848E0
8.723848E1 4.944706E0
8.727206E1 5.348943E0
8.730563E1 5.314882E0
8.733921E1 4.606601E0
8.737279E1 4.860096E0
8.740637E1 4.187479E0
8.743996E1 1.518668E0
8.747353E1 2.987545E-1
8.750711E1 -1.352451E0
8.754069E1 -2.285328E0
8.757427E1 -2.876950E0
8.760784E1 -4.583131E0
8.764142E1 -5.461892E0
8.767500E1 -6.276150E0
8.770859E1 -6.121960E0
8.774217E1 -6.139264E0
8.777574E1 -6.258581E0
8.780932E1 -5.723401E0
8.784290E1 -4.766831E0
8.787648E1 -2.717815E0
8.791006E1 -2.295916E0
8.794363E1 -8.541644E-1
8.797721E1 1.585719E0
8.801080E1 2.646979E0
8.804438E1 3.896841E0
8.807796E1 5.046965E0
8.811153E1 5.615007E0
8.814511E1 6.590795E0
8.817869E1 6.598726E0
8.821227E1 5.511320E0
8.824584E1 4.986356E0
8.827943E1 3.449997E0
8.831301E1 2.398926E0
8.834659E1 1.174096E0
8.838017E1 7.772359E-1
8.841374E1 -1.011139E0
8.844732E1 -1.813008E0
8.848090E1 -3.964904E0
8.851448E1 -4.394699E0
8.854807E1 -5.754390E0
8.858164E1 -5.960619E0
8.861522E1 -5.944826E0
8.864880E1 -5.957041E0
8.868238E1 -5.913658E0
8.871596E1 -5.422485E0
8.874953E1 -3.639144E0
8.878311E1 -2.462630E0
8.881669E1 -1.541440E0
8.885028E1 5.719084E-1
8.888386E1 1.668852E0
8.891743E1 2.429667E0
8.895101E1 3.958109E0
8.898459E1 5.264705E0
8.901817E1 6.061207E0
8.905174E1 6.089089E0
8.908532E1 6.114748E0
8.911890E1 6.245406E0
8.915249E1 4.065451E0
8.918607E1 4.366341E0
8.921964E1 3.466912E0
8.925322E1 1.840647E0
8.928680E1 -3.799526E-1
8.932038E1 -1.163724E0
8.935396E1 -2.486669E0
8.938753E1 -3.066280E0
8.942112E1 -4.990085E0
8.945470E1 -5.206197E0
8.948828E1 -6.071047E0
8.952186E1 -6.067901E0
8.955543E1 -6.044373E0
8.958901E1 -4.693444E0
8.962259E1 -4.491268E0
8.965617E1 -3.180792E0
8.968976E1 -1.683493E0
8.972333E1 -1.260397E-1
8.975691E1 9.785182E-1
8.979049E1 2.392932E0
8.982407E1 3.326230E0
8.985764E1 3.519962E0
8.989122E1 4.846972E0
8.992480E1 5.444938E0
8.995838E1 6.281667E0
8.999197E1 6.273587E0
9.002554E1 4.838667E0
9.005912E1 4.881627E0
9.009270E1 4.236733E0
9.012628E1 2.247001E0
9.015986E1 4.629907E-1
9.019343E1 3.235682E-1
9.022701E1 -1.104174E0
9.026060E1 -2.581001E0
9.029418E1 -3.096123E0
9.032776E1 -4.505570E0
9.036133E1 -5.638083E0
9.039491E1 -6.154193E0
9.042849E1 -6.230077E0
9.046207E1 -5.111369E0
9.049564E1 -5.726092E0
9.052922E1 -4.643912E0
9.056281E1 -3.537777E0
9.059639E1 -1.831434E0
9.062997E1 -9.975318E-1
9.066354E1 5.671283E-1
9.069712E1 1.521008E0
9.073070E1 2.799179E0
9.076428E1 4.640676E0
9.079786E1 4.530284E0
9.083144E1 4.717827E0
9.086502E1 4.745257E0
9.089860E1 5.462558E0
9.093218E1 5.642951E0
9.096576E1 4.489632E0
9.099933E1 2.910803E0
9.103291E1 1.551301E0
9.106649E1 2.940897E-1
9.110007E1 -5.362342E-1
9.113366E1 -1.908077E0
9.116723E1 -2.585777E0
9.120081E1 -4.026950E0
9.123439E1 -4.819336E0
9.126797E1 -4.799713E0
9.130154E1 -5.787315E0
9.133512E1 -5.768716E0
9.136870E1 -4.655366E0
9.140229E1 -3.781171E0
9.143587E1 -3.801967E0
9.146944E1 -2.179310E0
9.150302E1 -1.760785E0
9.153660E1 1.981250E-1
9.157018E1 1.246103E0
9.160376E1 2.513886E0
9.163733E1 3.849399E0
9.167091E1 5.157049E0
9.170450E1 4.531612E0
9.173808E1 5.514179E0
9.177166E1 5.540681E0
9.180523E1 4.540043E0
9.183881E1 4.847746E0
9.187239E1 3.803500E0
9.190597E1 2.454948E0
9.193954E1 1.190742E0
9.197313E1 6.852737E-1
9.200671E1 -7.871674E-1
9.204029E1 -1.578688E0
9.207387E1 -3.787094E0
9.210744E1 -4.661157E0
9.214102E1 -5.580167E0
9.217460E1 -6.174865E0
9.220818E1 -6.172723E0
9.224177E1 -6.173035E0
9.227534E1 -4.586028E0
9.230892E1 -3.493979E0
9.234250E1 -3.199778E0
9.237608E1 -1.449062E0
9.240966E1 -3.681427E-1
9.244323E1 1.186852E0
9.247681E1 1.093095E0
9.251039E1 2.531945E0
9.254398E1 4.598024E0
9.257756E1 4.644511E0
9.261113E1 4.477558E0
9.264471E1 4.872635E0
9.267829E1 4.855330E0
9.271187E1 5.247689E0
9.274544E1 4.046883E0
9.277902E1 2.792347E0
9.281260E1 2.484970E0
9.284619E1 1.964100E0
9.287977E1 -5.937839E-1
9.291334E1 -1.072761E0
9.294692E1 -3.153489E0
9.298050E1 -3.910014E0
9.301408E1 -4.522903E0
9.304766E1 -6.030184E0
9.308123E1 -5.865942E0
9.311482E1 -5.867737E0
9.314840E1 -5.801173E0
9.318198E1 -5.338483E0
9.321556E1 -4.358719E0
9.324913E1 -2.636683E0
9.328271E1 -1.654485E0
9.331629E1 -5.329903E-1
9.334987E1 9.972764E-1
9.338346E1 2.597114E0
9.341703E1 3.605858E0
9.345061E1 3.989657E0
9.348419E1 5.038116E0
9.351777E1 5.947734E0
9.355134E1 4.706677E0
9.358492E1 4.726783E0
9.361850E1 5.008156E0
9.365208E1 3.752182E0
9.368567E1 3.632951E0
9.371924E1 2.509407E0
9.375282E1 -1.754144E-2
9.378640E1 -4.701008E-1
9.381998E1 -1.715084E0
9.385356E1 -2.104309E0
9.388713E1 -3.990279E0
9.392071E1 -4.643249E0
9.395430E1 -5.654838E0
9.398788E1 -4.987084E0
9.402146E1 -4.963403E0
9.405503E1 -4.712853E0
9.408861E1 -5.267095E0
9.412219E1 -3.021986E0
9.415577E1 -3.501721E0
9.418934E1 -2.013050E0
9.422292E1 1.850251E-2
9.425651E1 1.264924E0
9.429009E1 2.778812E0
9.432367E1 3.172806E0
9.435724E1 4.220834E0
9.439082E1 5.727539E0
9.442440E1 4.319500E0
9.445798E1 4.319223E0
9.449156E1 4.967112E0
9.452514E1 5.123955E0
9.455872E1 4.389056E0
9.459230E1 2.565558E0
9.462588E1 9.422940E-1
9.465946E1 5.309365E-1
9.469303E1 -1.311442E0
9.472661E1 -3.023336E0
9.476019E1 -3.420205E0
9.479377E1 -4.698108E0
9.482736E1 -4.313626E0
9.486093E1 -4.831045E0
9.489451E1 -4.916921E0
9.492809E1 -4.912269E0
9.496167E1 -5.213507E0
9.499524E1 -4.626575E0
9.502882E1 -3.633187E0
9.506240E1 -1.972316E0
9.509599E1 -1.064981E-1
9.512957E1 4.630085E-1
9.516314E1 1.504647E0
9.519672E1 2.989296E0
9.523030E1 3.393887E0
9.526388E1 5.196760E0
9.529746E1 5.374431E0
9.533103E1 5.388035E0
9.536461E1 5.389223E0
9.539820E1 3.841231E0
9.543178E1 4.370555E0
9.546536E1 2.789043E0
9.549893E1 2.505673E0
9.553251E1 6.950720E-1
9.556609E1 1.072780E-1
9.559967E1 9.506028E-2
9.563324E1 -2.043138E0
9.566683E1 -2.641988E0
9.570041E1 -4.031840E0
9.573399E1 -4.016194E0
9.576757E1 -4.760527E0
9.580114E1 -4.680955E0
9.583472E1 -4.935839E0
9.586830E1 -4.843377E0
9.590188E1 -4.470528E0
9.593547E1 -2.734607E0
9.596904E1 -1.382885E0
9.600262E1 -1.480737E0
9.603620E1 1.673881E-1
9.606978E1 1.979943E0
9.610336E1 2.738241E0
9.613693E1 3.847346E0
9.617051E1 4.642154E0
9.620409E1 6.089803E0
9.623768E1 4.667432E0
9.627126E1 4.647491E0
9.630483E1 5.325202E0
9.633841E1 3.401717E0
9.637199E1 2.533195E0
9.640557E1 1.434587E0
9.643914E1 3.104406E-1
9.647272E1 -1.224795E0
9.650630E1 -8.765204E-1
9.653989E1 -3.414621E0
9.657347E1 -4.222392E0
9.660704E1 -4.983167E0
9.664062E1 -5.108455E0
9.667420E1 -5.355769E0
9.670778E1 -5.375078E0
9.674136E1 -5.350122E0
9.677493E1 -4.220982E0
9.680852E1 -3.329944E0
9.684210E1 -2.151628E0
9.687568E1 -1.668927E0
9.690926E1 -4.055613E-1
9.694283E1 1.477805E0
9.697641E1 1.531358E0
9.700999E1 3.965507E0
9.704357E1 4.715265E0
9.707716E1 5.090729E0
9.711073E1 4.434996E0
9.714431E1 4.448781E0
9.717789E1 4.598604E0
9.721147E1 3.797151E0
9.724504E1 3.786729E0
9.727862E1 2.774168E0
9.731220E1 2.617728E0
9.734578E1 8.298114E-1
9.737937E1 4.396918E-2
9.741294E1 -1.929149E0
9.744652E1 -3.462479E0
9.748010E1 -2.760640E0
9.751368E1 -4.514721E0
9.754726E1 -5.074427E0
9.758083E1 -5.129998E0
9.761441E1 -5.100877E0
9.764800E1 -4.827122E0
9.768158E1 -3.881176E0
9.771516E1 -2.532995E0
9.774873E1 -1.553396E0
9.778231E1 -4.014818E-1
9.781589E1 -4.828493E-1
9.784947E1 2.082061E0
9.788304E1 3.185798E0
9.791662E1 3.649299E0
9.795021E1 5.006427E0
9.798379E1 5.203737E0
9.801737E1 4.219444E0
9.805094E1 4.213268E0
9.808452E1 4.175528E0
9.811810E1 4.627535E0
9.815168E1 4.165135E0
9.818526E1 2.149049E0
9.821884E1 2.005065E0
9.825242E1 1.346677E-1
9.828600E1 -8.829292E-1
9.831958E1 -2.332274E0
9.835316E1 -3.751704E0
9.838673E1 -3.645288E0
9.842031E1 -3.884901E0
9.845389E1 -4.873772E0
9.848747E1 -4.896496E0
9.852106E1 -4.936108E0
9.855463E1 -4.838285E0
9.858821E1 -2.954948E0
9.862179E1 -2.825206E0
9.865537E1 -1.854680E0
9.868894E1 -1.082748E0
9.872252E1 -1.082488E-1
9.875610E1 8.251333E-1
9.878969E1 3.090760E0
9.882327E1 2.998547E0
9.885684E1 3.535846E0
9.889042E1 5.519651E0
9.892400E1 4.638820E0
9.895758E1 4.611535E0
9.899116E1 3.759256E0
9.902473E1 3.752358E0
9.905831E1 3.472643E0
9.909190E1 2.220701E0
9.912548E1 1.751058E0
9.915906E1 -5.884102E-1
9.919263E1 -1.784726E0
9.922621E1 -3.325350E0
9.925979E1 -4.157606E0
9.929337E1 -4.522947E0
9.932694E1 -5.327851E0
9.936053E1 -5.706055E0
9.939411E1 -5.315998E0
9.942769E1 -4.927172E0
9.946127E1 -4.741221E0
9.949484E1 -4.013560E0
9.952842E1 -2.172678E0
9.956200E1 -1.559545E0
9.959558E1 -8.329090E-1
9.962917E1 2.811079E-1
9.966274E1 2.786742E0
9.969632E1 2.704562E0
9.972990E1 3.999684E0
9.976348E1 3.836800E0
9.979706E1 4.095606E0
9.983063E1 4.065982E0
9.986421E1 4.064122E0
9.989779E1 4.082329E0
9.993138E1 2.926591E0
9.996496E1 2.774446E0
9.999853E1 1.627189E0
1.000321E2 4.508180E-1
1.000657E2 -2.683968E-1
1.000993E2 -1.702242E0
1.001328E2 -1.852687E0
1.001664E2 -3.957576E0
1.002000E2 -4.622466E0
1.002336E2 -4.165650E0
1.002672E2 -4.620770E0
1.003007E2 -4.598604E0
1.003343E2 -4.120715E0
1.003679E2 -3.959665E0
1.004015E2 -2.946195E0
1.004351E2 -2.901900E0
1.004686E2 -2.025302E0
1.005022E2 5.430832E-2
1.005358E2 4.450623E-1
1.005694E2 2.369437E0
1.006030E2 2.640418E0
1.006365E2 4.127417E0
1.006701E2 5.412345E0
1.007037E2 4.147237E0
1.007373E2 4.168321E0
1.007709E2 4.179058E0
1.008044E2 3.952657E0
1.008380E2 2.749280E0
1.008716E2 2.451572E0
1.009052E2 1.721329E0
1.009387E2 -8.347243E-2
1.009723E2 -5.823241E-1
1.010059E2 -2.568753E0
1.010395E2 -2.361730E0
1.010731E2 -4.204381E0
1.011066E2 -4.526679E0
1.011402E2 -4.310665E0
1.011738E2 -4.273279E0
1.012074E2 -4.290045E0
1.012410E2 -3.289929E0
1.012745E2 -4.257723E0
1.013081E2 -2.201209E0
1.013417E2 -1.770641E0
1.013753E2 -1.529802E0
1.014089E2 1.433660E-2
1.014424E2 1.245858E0
1.014760E2 2.620022E0
1.015096E2 3.723941E0
1.015432E2 3.789174E0
1.015767E2 4.279497E0
1.016103E2 5.154425E0
1.016439E2 5.143469E0
1.016775E2 4.908919E0
1.017111E2 4.157566E0
1.017446E2 2.378083E0
1.017782E2 2.002858E0
1.018118E2 1.767424E0
1.018454E2 6.971565E-1
1.018790E2 -1.399760E0
1.019125E2 -2.423960E0
1.019461E2 -2.554649E0
1.019797E2 -3.237139E0
1.020133E2 -3.735195E0
1.020469E2 -4.593530E0
1.020804E2 -4.596201E0
1.021140E2 -4.923846E0
1.021476E2 -3.520778E0
1.021812E2 -3.961548E0
1.022148E2 -2.077374E0
1.022483E2 -2.659963E0
1.022819E2 -3.158420E-1
1.023155E2 -2.306299E-1
1.023491E2 1.302954E-2
1.023826E2 2.719923E0
1.024162E2 3.409032E0
1.024498E2 4.736950E0
1.024834E2 4.951874E0
1.025170E2 4.990400E0
1.025505E2 4.103791E0
1.025841E2 3.157405E0
1.026177E2 4.636312E0
1.026513E2 2.538214E0
1.026849E2 2.440826E0
1.027184E2 7.015470E-1
1.027520E2 -3.869589E-1
1.027856E2 -2.188602E0
1.028192E2 -3.169453E0
1.028528E2 -4.101406E0
1.028863E2 -3.478280E0
1.029199E2 -4.218983E0
1.029535E2 -4.304426E0
1.029871E2 -4.288086E0
1.030206E2 -4.749268E0
1.030542E2 -4.679182E0
1.030878E2 -2.727769E0
1.031214E2 -2.297168E0
1.031550E2 -1.676702E0
1.031885E2 -8.775911E-2
1.032221E2 7.595936E-2
1.032557E2 2.004607E0
1.032893E2 2.982782E0
1.033229E2 3.664052E0
1.033564E2 4.143899E0
1.033900E2 5.561883E0
1.034236E2 5.577220E0
1.034572E2 4.354105E0
1.034908E2 3.794228E0
1.035243E2 2.724146E0
1.035579E2 2.351774E0
1.035915E2 1.215124E0
1.036251E2 8.624699E-1
1.036587E2 -1.473701E0
1.036922E2 -2.252540E0
1.037258E2 -3.158164E0
1.037594E2 -4.125136E0
1.037930E2 -4.602014E0
1.038265E2 -4.810861E0
1.038601E2 -4.868852E0
1.038937E2 -4.283244E0
1.039273E2 -4.304095E0
1.039609E2 -4.100805E0
1.039944E2 -3.190386E0
1.040280E2 -1.736596E0
1.040616E2 -1.614562E0
1.040952E2 8.292934E-1
1.041288E2 1.757732E0
1.041623E2 1.756827E0
1.041959E2 3.575921E0
1.042295E2 2.998080E0
1.042631E2 4.561175E0
1.042967E2 4.223118E0
1.043302E2 4.221690E0
1.043638E2 3.867082E0
1.043974E2 3.263154E0
1.044310E2 3.844768E0
1.044646E2 2.546864E0
1.044981E2 4.225163E-1
1.045317E2 3.993170E-1
1.045653E2 -1.201977E0
1.045989E2 -2.397637E0
1.046324E2 -2.292381E0
1.046660E2 -4.267466E0
1.046996E2 -3.610375E0
1.047332E2 -4.451744E0
1.047668E2 -4.445895E0
1.048003E2 -4.444103E0
1.048339E2 -3.650941E0
1.048675E2 -2.989844E0
1.049011E2 -2.075803E0
1.049347E2 -2.173049E0
1.049682E2 -8.599673E-1
1.050018E2 5.594860E-1
1.050354E2 2.009115E0
1.050690E2 3.207107E0
1.051026E2 4.097366E0
1.051361E2 3.767556E0
1.051697E2 3.428622E0
1.052033E2 4.087745E0
1.052369E2 4.079862E0
1.052704E2 3.459883E0
1.053040E2 3.733637E0
1.053376E2 3.048880E0
1.053712E2 2.033460E0
1.054048E2 9.349261E-1
1.054383E2 -1.598661E-1
1.054719E2 -1.154357E0
1.055055E2 -2.164920E0
1.055391E2 -3.708111E0
1.055727E2 -3.993857E0
1.056062E2 -5.346913E0
1.056398E2 -4.569306E0
1.056734E2 -4.538999E0
1.057070E2 -4.971820E0
1.057406E2 -3.900081E0
1.057741E2 -2.755411E0
1.058077E2 -2.677846E0
1.058413E2 -4.454083E-1
1.058749E2 -7.242742E-1
1.059085E2 2.156553E-1
1.059420E2 2.369033E0
1.059756E2 2.809794E0
1.060092E2 2.801966E0
1.060428E2 3.746312E0
1.060763E2 3.736857E0
1.061099E2 3.725714E0
1.061435E2 3.721136E0
1.061771E2 4.915157E0
1.062107E2 4.132863E0
1.062442E2 2.801369E0
1.062778E2 1.116645E0
1.063114E2 7.365141E-1
1.063450E2 -1.967137E-1
1.063786E2 -2.061470E0
1.064121E2 -1.980996E0
1.064457E2 -3.068080E0
1.064793E2 -4.365802E0
1.065129E2 -4.798896E0
1.065465E2 -4.800443E0
1.065800E2 -4.775978E0
1.066136E2 -4.438298E0
1.066472E2 -3.637551E0
1.066808E2 -2.234407E0
1.067143E2 -1.562812E0
1.067479E2 -7.007464E-1
1.067815E2 3.408330E-1
1.068151E2 1.367755E0
1.068487E2 2.331113E0
1.068822E2 3.584871E0
1.069158E2 4.271275E0
1.069494E2 4.768305E0
1.069830E2 4.063352E0
1.070166E2 4.083086E0
1.070501E2 4.097689E0
1.070837E2 3.620329E0
1.071173E2 3.749399E0
1.071509E2 2.376042E0
1.071845E2 1.757797E0
1.072180E2 -1.799856E-1
1.072516E2 -1.343561E0
1.072852E2 -2.199870E0
1.073188E2 -2.718790E0
1.073524E2 -4.010172E0
1.073859E2 -3.771770E0
1.074195E2 -4.679378E0
1.074531E2 -4.697827E0
1.074867E2 -4.683382E0
1.075202E2 -3.675285E0
1.075538E2 -3.547683E0
1.075874E2 -2.696426E0
1.076210E2 -1.436846E0
1.076546E2 -2.752360E-1
1.076881E2 -3.991493E-2
1.077217E2 8.676939E-1
1.077553E2 1.481921E0
1.077889E2 2.230066E0
1.078225E2 4.521522E0
1.078560E2 4.622190E0
1.078896E2 3.590526E0
1.079232E2 3.560012E0
1.079568E2 3.843820E0
1.079904E2 3.140103E0
1.080239E2 2.583539E0
1.080575E2 1.182588E0
1.080911E2 2.957833E-1
1.081247E2 -3.424742E-1
1.081583E2 -8.266377E-1
1.081918E2 -1.777667E0
1.082254E2 -3.456386E0
1.082590E2 -4.217372E0
1.082926E2 -4.541952E0
1.083261E2 -4.517523E0
1.083597E2 -4.526701E0
1.083933E2 -4.412745E0
1.084269E2 -4.295680E0
1.084605E2 -3.501064E0
1.084940E2 -1.668045E0
1.085276E2 -1.868640E0
1.085612E2 -8.272292E-1
1.085948E2 -1.511272E-1
1.086284E2 1.167600E0
1.086619E2 2.815130E0
1.086955E2 2.939855E0
1.087291E2 2.995711E0
1.087627E2 3.290416E0
1.087963E2 3.309710E0
1.088298E2 3.577492E0
1.088634E2 4.122437E0
1.088970E2 2.483748E0
1.089306E2 2.704949E0
1.089641E2 1.776708E0
1.089977E2 -7.475484E-2
1.090313E2 2.875949E-1
1.090649E2 -1.948778E0
1.090985E2 -1.691329E0
1.091320E2 -3.627056E0
1.091656E2 -3.477057E0
1.091992E2 -3.865363E0
1.092328E2 -4.311792E0
1.092664E2 -4.304017E0
1.092999E2 -4.755564E0
1.093335E2 -4.252237E0
1.093671E2 -2.694030E0
1.094007E2 -2.532484E0
1.094343E2 -7.392651E-1
1.094678E2 1.574774E-1
1.095014E2 4.108217E-1
1.095350E2 1.120078E0
1.095686E2 2.840759E0
1.096022E2 2.895456E0
1.096357E2 4.851550E0
1.096693E2 4.768695E0
1.097029E2 4.785927E0
1.097365E2 4.354591E0
1.097700E2 4.485815E0
1.098036E2 2.229390E0
1.098372E2 1.743400E0
1.098708E2 1.754933E0
1.099044E2 2.620501E-1
1.099379E2 1.396792E-1
1.099715E2 -1.138055E0
1.100051E2 -2.933644E0
1.100387E2 -3.598056E0
1.100723E2 -3.661038E0
1.101058E2 -4.265949E0
1.101394E2 -4.257450E0
1.101730E2 -4.003969E0
1.102066E2 -4.021743E0
1.102402E2 -3.461880E0
1.102737E2 -2.390539E0
1.103073E2 -1.659139E0
1.103409E2 -4.950529E-1
1.103745E2 3.852542E-1
1.104080E2 1.000392E0
1.104416E2 1.469142E0
1.104752E2 3.849155E0
1.105088E2 2.813561E0
1.105424E2 4.498935E0
1.105759E2 3.985112E0
1.106095E2 3.981218E0
1.106431E2 4.371927E0