x y dx dy
0.000000E0 2.005504E1
3.300000E-2 1.996745E1
6.700000E-2 1.958395E1
1.000000E-1 1.930124E1
1.330000E-1 1.644679E1
1.670000E-1 1.396877E1
2.000000E-1 1.108627E1
2.330000E-1 7.682884E0
2.670000E-1 4.480826E0
3.000000E-1 6.409259E-1
3.330000E-1 -2.896060E0
3.660000E-1 -6.233396E0
4.000000E-1 -9.594300E0
4.330000E-1 -1.235862E1
4.660000E-1 -1.488448E1
5.000000E-1 -1.658386E1
5.330000E-1 -1.814493E1
5.660000E-1 -1.931684E1
6.000000E-1 -1.932779E1
6.330000E-1 -1.845119E1
6.660000E-1 -1.697141E1
7.000000E-1 -1.493958E1
7.330000E-1 -1.248221E1
7.660000E-1 -9.675372E0
7.990000E-1 -6.415134E0
8.330000E-1 -2.696288E0
8.660000E-1 1.092195E0
8.990000E-1 4.804208E0
9.330000E-1 8.293043E0
9.660000E-1 1.134771E1
9.990000E-1 1.407537E1
1.033000E0 1.675948E1
1.066000E0 1.821168E1
1.099000E0 1.926830E1
1.132000E0 1.965141E1
1.166000E0 1.930939E1
1.199000E0 1.789457E1
1.232000E0 1.629890E1
1.266000E0 1.397491E1
1.299000E0 1.098959E1
1.332000E0 7.935317E0
1.366000E0 4.499127E0
1.399000E0 9.660472E-1
1.432000E0 -2.633661E0
1.466000E0 -6.199833E0
1.499000E0 -9.600443E0
1.532000E0 -1.261132E1
1.565000E0 -1.536820E1
1.599000E0 -1.759194E1
1.632000E0 -1.923406E1
1.665000E0 -1.957379E1
1.699000E0 -1.963092E1
1.732000E0 -1.925801E1
1.765000E0 -1.782675E1
1.799000E0 -1.579065E1
1.832000E0 -1.329146E1
1.865000E0 -1.038558E1
1.899000E0 -7.034733E0
1.932000E0 -3.391402E0
1.965000E0 3.533665E-1
1.998000E0 4.171988E0
2.032000E0 7.835178E0
2.065000E0 1.121806E1
2.098000E0 1.422453E1
2.132000E0 1.675144E1
2.165000E0 1.864423E1
2.198000E0 1.986552E1
2.232000E0 2.033161E1
2.265000E0 1.970978E1
2.298000E0 1.835666E1
2.331000E0 1.658734E1
2.365000E0 1.431840E1
2.398000E0 1.158540E1
2.431000E0 8.430602E0
2.465000E0 5.086329E0
2.498000E0 1.594926E0
2.531000E0 -1.968389E0
2.565000E0 -5.666043E0
2.598000E0 -9.058705E0
2.631000E0 -1.207818E1
2.665000E0 -1.471919E1
2.698000E0 -1.708309E1
2.731000E0 -1.885612E1
2.764000E0 -1.995969E1
2.798000E0 -2.033494E1
2.831000E0 -1.959989E1
2.864000E0 -1.811321E1
2.898000E0 -1.620234E1
2.931000E0 -1.383198E1
2.964000E0 -1.089566E1
2.998000E0 -7.596314E0
3.031000E0 -4.000634E0
3.064000E0 -4.183805E-1
3.098000E0 3.450025E0
3.131000E0 6.982706E0
3.164000E0 1.020078E1
3.197000E0 1.316260E1
3.231000E0 1.562390E1
3.264000E0 1.757589E1
3.297000E0 1.896542E1
3.331000E0 1.953958E1
3.364000E0 1.929573E1
3.397000E0 1.828628E1
3.431000E0 1.656986E1
3.464000E0 1.440163E1
3.497000E0 1.176453E1
3.530000E0 8.748364E0
3.564000E0 5.443259E0
3.597000E0 2.014318E0
3.630000E0 -1.615331E0
3.664000E0 -5.099337E0
3.697000E0 -8.469765E0
3.730000E0 -1.168770E1
3.764000E0 -1.453704E1
3.797000E0 -1.689735E1
3.830000E0 -1.865791E1
3.864000E0 -1.985669E1
3.897000E0 -2.029784E1
3.930000E0 -1.986085E1
3.963000E0 -1.872534E1
3.997000E0 -1.694620E1
4.030000E0 -1.442894E1
4.063000E0 -1.146084E1
4.097000E0 -8.150936E0
4.130000E0 -4.633873E0
4.163000E0 -1.183983E0
4.197000E0 2.664173E0
4.230000E0 6.201548E0
4.263000E0 9.517470E0
4.297000E0 1.245318E1
4.330000E0 1.493890E1
4.363000E0 1.657580E1
4.396000E0 1.770696E1
4.430000E0 1.841974E1
4.463000E0 1.843935E1
4.496000E0 1.763886E1
4.530000E0 1.641953E1
4.563000E0 1.445413E1
4.596000E0 1.197522E1
4.630000E0 9.070116E0
4.663000E0 5.887234E0
4.696000E0 2.572502E0
4.729000E0 -1.073837E0
4.763000E0 -4.407531E0
4.796000E0 -7.802351E0
4.829000E0 -1.086131E1
4.863000E0 -1.367196E1
4.896000E0 -1.595637E1
4.929000E0 -1.778014E1
4.963000E0 -1.899472E1
4.996000E0 -1.912566E1
5.029000E0 -1.871510E1
5.063000E0 -1.751661E1
5.096000E0 -1.608150E1
5.129000E0 -1.406117E1
5.162000E0 -1.133397E1
5.196000E0 -8.284758E0
5.229000E0 -4.951474E0
5.262000E0 -1.272718E0
5.296000E0 2.261969E0
5.329000E0 5.729293E0
5.362000E0 8.952183E0
5.396000E0 1.192198E1
5.429000E0 1.453583E1
5.462000E0 1.657616E1
5.496000E0 1.811728E1
5.529000E0 1.902671E1
5.562000E0 1.901340E1
5.595000E0 1.821472E1
5.629000E0 1.676788E1
5.662000E0 1.478850E1
5.695000E0 1.234978E1
5.729000E0 9.601217E0
5.762000E0 6.474016E0
5.795000E0 3.087406E0
5.829000E0 -4.965485E-1
5.862000E0 -3.806434E0
5.895000E0 -7.178238E0
5.928000E0 -1.030708E1
5.962000E0 -1.306738E1
5.995000E0 -1.524152E1
6.028000E0 -1.685908E1
6.062000E0 -1.801040E1
6.095000E0 -1.848088E1
6.128000E0 -1.850604E1
6.162000E0 -1.775041E1
6.195000E0 -1.625520E1
6.228000E0 -1.423060E1
6.262000E0 -1.176858E1
6.295000E0 -8.737604E0
6.328000E0 -5.415840E0
6.361000E0 -1.776803E0
6.395000E0 1.685908E0
6.428000E0 5.339050E0
6.461000E0 8.699723E0
6.495000E0 1.187231E1
6.528000E0 1.424629E1
6.561000E0 1.640369E1
6.595000E0 1.819168E1
6.628000E0 1.870933E1
6.661000E0 1.884425E1
6.695000E0 1.811612E1
6.728000E0 1.652264E1
6.761000E0 1.485137E1
6.794000E0 1.262399E1
6.828000E0 9.931239E0
6.861000E0 6.887101E0
6.894000E0 3.700993E0
6.928000E0 1.730458E-1
6.961000E0 -3.116425E0
6.994000E0 -6.355681E0
7.028000E0 -9.278830E0
7.061000E0 -1.196503E1
7.094000E0 -1.414454E1
7.127000E0 -1.581414E1
7.161000E0 -1.691501E1
7.194000E0 -1.799938E1
7.227000E0 -1.797038E1
7.261000E0 -1.718090E1
7.294000E0 -1.597315E1
7.327000E0 -1.435022E1
7.361000E0 -1.190027E1
7.394000E0 -8.961269E0
7.427000E0 -5.774679E0
7.461000E0 -2.293837E0
7.494000E0 1.186432E0
7.527000E0 4.629498E0
7.560000E0 7.856750E0
7.594000E0 1.083177E1
7.627000E0 1.324391E1
7.660000E0 1.511371E1
7.694000E0 1.653365E1
7.727000E0 1.744688E1
7.760000E0 1.766076E1
7.794000E0 1.732924E1
7.827000E0 1.619946E1
7.860000E0 1.487289E1
7.894000E0 1.277484E1
7.927000E0 1.015227E1
7.960000E0 7.178855E0
7.993000E0 3.995037E0
8.027000E0 6.834326E-1
8.060000E0 -2.664343E0
8.093000E0 -5.950181E0
8.127000E0 -9.011869E0
8.160000E0 -1.175164E1
8.193000E0 -1.422741E1
8.227000E0 -1.623904E1
8.260000E0 -1.722270E1
8.293000E0 -1.758524E1
8.326000E0 -1.761320E1
8.360000E0 -1.721983E1
8.393000E0 -1.610605E1
8.426000E0 -1.427855E1
8.460000E0 -1.205604E1
8.493000E0 -9.271837E0
8.526000E0 -6.084513E0
8.560000E0 -2.717320E0
8.593000E0 7.611684E-1
8.626000E0 4.213547E0
8.660000E0 7.298437E0
8.693000E0 1.032882E1
8.726000E0 1.297655E1
8.759000E0 1.517852E1
8.793000E0 1.632634E1
8.826000E0 1.708790E1
8.859000E0 1.747349E1
8.893000E0 1.730314E1
8.926000E0 1.633109E1
8.959000E0 1.496153E1
8.993000E0 1.279066E1
9.026000E0 1.025944E1
9.059000E0 7.460980E0
9.092000E0 4.270276E0
9.126000E0 9.869585E-1
9.159000E0 -2.190410E0
9.192000E0 -5.600859E0
9.226000E0 -8.650944E0
9.259000E0 -1.136720E1
9.292000E0 -1.367816E1
9.326000E0 -1.542347E1
9.359000E0 -1.645038E1
9.392000E0 -1.692661E1
9.426000E0 -1.709796E1
9.459000E0 -1.683060E1
9.492000E0 -1.587562E1
9.525000E0 -1.425707E1
9.559000E0 -1.210446E1
9.592000E0 -9.441912E0
9.625000E0 -6.414737E0
9.659000E0 -3.152001E0
9.692000E0 3.107189E-1
9.725000E0 3.807395E0
9.759000E0 7.176041E0
9.792000E0 1.038375E1
9.825000E0 1.316216E1
9.859000E0 1.551923E1
9.892000E0 1.729118E1
9.925000E0 1.855607E1
9.958000E0 1.902819E1
9.992000E0 1.860831E1
1.002500E1 1.748502E1
1.005800E1 1.584308E1
1.009200E1 1.361518E1
1.012500E1 1.093148E1
1.015800E1 7.941440E0
1.019200E1 4.703259E0
1.022500E1 1.413810E0
1.025800E1 -1.784184E0
1.029100E1 -5.104672E0
1.032500E1 -8.085244E0
1.035800E1 -1.085584E1
1.039100E1 -1.314532E1
1.042500E1 -1.518648E1
1.045800E1 -1.671278E1
1.049100E1 -1.741084E1
1.052500E1 -1.767270E1
1.055800E1 -1.726080E1
1.059100E1 -1.622327E1
1.062500E1 -1.444772E1
1.065800E1 -1.249984E1
1.069100E1 -9.837923E0
1.072400E1 -6.812739E0
1.075800E1 -3.541044E0
1.079100E1 -1.808873E-1
1.082400E1 3.192620E0
1.085800E1 6.383732E0
1.089100E1 9.376389E0
1.092400E1 1.207163E1
1.095800E1 1.441821E1
1.099100E1 1.672559E1
1.102400E1 1.775260E1
1.105800E1 1.852729E1
1.109100E1 1.831577E1
1.112400E1 1.700079E1
1.115700E1 1.538621E1
1.119100E1 1.337397E1
1.122400E1 1.094765E1
1.125700E1 8.079279E0
1.129100E1 5.064373E0
1.132400E1 1.877170E0
1.135700E1 -1.531385E0
1.139100E1 -4.666379E0
1.142400E1 -7.774405E0
1.145700E1 -1.039889E1
1.149000E1 -1.294259E1
1.152400E1 -1.510161E1
1.155700E1 -1.672335E1
1.159000E1 -1.779516E1
1.162400E1 -1.832880E1
1.165700E1 -1.791874E1
1.169000E1 -1.664899E1
1.172400E1 -1.489304E1
1.175700E1 -1.264910E1
1.179000E1 -9.996796E0
1.182400E1 -6.989665E0
1.185700E1 -3.772080E0
1.189000E1 -4.670930E-1
1.192300E1 2.875104E0
1.195700E1 6.236129E0
1.199000E1 9.319156E0
1.202300E1 1.225001E1
1.205700E1 1.460120E1
1.209000E1 1.633689E1
1.212300E1 1.773177E1
1.215700E1 1.792394E1
1.219000E1 1.777481E1
1.222300E1 1.682834E1
1.225700E1 1.543995E1
1.229000E1 1.378229E1
1.232300E1 1.129445E1
1.235600E1 8.415793E0
1.239000E1 5.421453E0
1.242300E1 2.190713E0
1.245600E1 -1.108681E0
1.249000E1 -4.197571E0
1.252300E1 -7.321114E0
1.255600E1 -1.026340E1
1.259000E1 -1.288016E1
1.262300E1 -1.504530E1
1.265600E1 -1.660482E1
1.268900E1 -1.760152E1
1.272300E1 -1.806460E1
1.275600E1 -1.770594E1
1.278900E1 -1.659935E1
1.282300E1 -1.480341E1
1.285600E1 -1.263942E1
1.288900E1 -1.016958E1
1.292300E1 -7.315554E0
1.295600E1 -4.228886E0
1.298900E1 -1.004957E0
1.302300E1 2.400785E0
1.305600E1 5.636288E0
1.308900E1 8.832244E0
1.312200E1 1.153907E1
1.315600E1 1.355621E1
1.318900E1 1.506964E1
1.322200E1 1.639487E1
1.325600E1 1.630916E1
1.328900E1 1.632099E1
1.332200E1 1.575104E1
1.335600E1 1.470545E1
1.338900E1 1.326696E1
1.342200E1 1.117628E1
1.345600E1 8.553048E0
1.348900E1 5.592413E0
1.352200E1 2.502248E0
1.355500E1 -7.798649E-1
1.358900E1 -3.824052E0
1.362200E1 -6.840170E0
1.365500E1 -9.647369E0
1.368900E1 -1.211763E1
1.372200E1 -1.431395E1
1.375500E1 -1.597952E1
1.378900E1 -1.716035E1
1.382200E1 -1.725717E1
1.385500E1 -1.706204E1
1.388800E1 -1.624270E1
1.392200E1 -1.455525E1
1.395500E1 -1.273278E1
1.398800E1 -1.029555E1
1.402200E1 -7.520356E0
1.405500E1 -4.448877E0
1.408800E1 -1.337445E0
1.412200E1 2.058365E0
1.415500E1 5.303309E0
1.418800E1 8.402670E0
1.422200E1 1.110007E1
1.425500E1 1.359228E1
1.428800E1 1.547219E1
1.432100E1 1.625693E1
1.435500E1 1.699498E1
1.438800E1 1.700326E1
1.442100E1 1.625566E1
1.445500E1 1.508894E1
1.448800E1 1.349267E1
1.452100E1 1.136650E1
1.455500E1 8.783651E0
1.458800E1 5.904723E0
1.462100E1 2.818911E0
1.465500E1 -4.658388E-1
1.468800E1 -3.455062E0
1.472100E1 -6.436179E0
1.475400E1 -9.341885E0
1.478800E1 -1.189117E1
1.482100E1 -1.394674E1
1.485400E1 -1.562267E1
1.488800E1 -1.688729E1
1.492100E1 -1.722327E1
1.495400E1 -1.628000E1
1.498800E1 -1.577087E1
1.502100E1 -1.450648E1
1.505400E1 -1.274664E1
1.508700E1 -1.046937E1
1.512100E1 -7.751462E0
1.515400E1 -4.712773E0
1.518700E1 -1.538369E0
1.522100E1 1.684136E0
1.525400E1 4.911421E0
1.528700E1 7.818992E0
1.532100E1 1.061982E1
1.535400E1 1.325602E1
1.538700E1 1.523641E1
1.542100E1 1.673639E1
1.545400E1 1.670990E1
1.548700E1 1.672347E1
1.552000E1 1.624038E1
1.555400E1 1.536510E1
1.558700E1 1.362865E1
1.562000E1 1.148645E1
1.565400E1 8.920133E0
1.568700E1 6.105270E0
1.572000E1 3.129117E0
1.575400E1 -5.075548E-2
1.578700E1 -3.005317E0
1.582000E1 -5.902074E0
1.585400E1 -8.633460E0
1.588700E1 -1.092472E1
1.592000E1 -1.286330E1
1.595300E1 -1.433452E1
1.598700E1 -1.527020E1
1.602000E1 -1.566954E1
1.605300E1 -1.579654E1
1.608700E1 -1.529434E1
1.612000E1 -1.425148E1
1.615300E1 -1.241763E1
1.618700E1 -1.030508E1
1.622000E1 -7.853415E0
1.625300E1 -4.898513E0
1.628600E1 -1.809446E0
1.632000E1 1.358456E0
1.635300E1 4.456869E0
1.638600E1 7.527262E0
1.642000E1 1.035597E1
1.645300E1 1.294628E1
1.648600E1 1.496213E1
1.652000E1 1.639754E1
1.655300E1 1.699666E1
1.658600E1 1.718904E1
1.662000E1 1.677647E1
1.665300E1 1.534755E1
1.668600E1 1.370228E1
1.671900E1 1.168217E1
1.675300E1 9.104953E0
1.678600E1 6.298848E0
1.681900E1 3.313133E0
1.685300E1 2.025013E-1
1.688600E1 -2.711648E0
1.691900E1 -5.696708E0
1.695300E1 -8.533126E0
1.698600E1 -1.120075E1
1.701900E1 -1.344659E1
1.705300E1 -1.523000E1
1.708600E1 -1.649861E1
1.711900E1 -1.717501E1
1.715200E1 -1.718264E1
1.718600E1 -1.651432E1
1.721900E1 -1.508828E1
1.725200E1 -1.318101E1
1.728600E1 -1.085555E1
1.731900E1 -8.185006E0
1.735200E1 -5.283245E0
1.738600E1 -2.206854E0
1.741900E1 9.077202E-1
1.745200E1 4.032023E0
1.748500E1 6.939188E0
1.751900E1 9.619979E0
1.755200E1 1.202217E1
1.758500E1 1.414918E1
1.761900E1 1.576705E1
1.765200E1 1.616223E1
1.768500E1 1.672663E1
1.771900E1 1.607497E1
1.775200E1 1.505529E1
1.778500E1 1.375360E1
1.781900E1 1.149802E1
1.785200E1 9.115725E0
1.788500E1 6.479856E0
1.791800E1 3.630217E0
1.795200E1 6.598286E-1
1.798500E1 -2.329687E0
1.801800E1 -5.276903E0
1.805200E1 -8.002520E0
1.808500E1 -1.046633E1
1.811800E1 -1.281968E1
1.815200E1 -1.462179E1
1.818500E1 -1.587023E1
1.821800E1 -1.624239E1
1.825100E1 -1.629429E1
1.828500E1 -1.571357E1
1.831800E1 -1.453004E1
1.835100E1 -1.274759E1
1.838500E1 -1.081707E1
1.841800E1 -8.264216E0
1.845100E1 -5.491791E0
1.848500E1 -2.446940E0
1.851800E1 5.823045E-1
1.855100E1 3.639386E0
1.858500E1 6.573385E0
1.861800E1 9.173077E0
1.865100E1 1.135941E1
1.868400E1 1.303702E1
1.871800E1 1.448992E1
1.875100E1 1.541876E1
1.878400E1 1.571923E1
1.881800E1 1.546090E1
1.885100E1 1.465756E1
1.888400E1 1.324158E1
1.891800E1 1.137819E1
1.895100E1 9.306296E0
1.898400E1 6.581745E0
1.901800E1 3.752608E0
1.905100E1 7.943374E-1
1.908400E1 -2.181193E0
1.911700E1 -5.234615E0
1.915100E1 -8.000784E0
1.918400E1 -1.048833E1
1.921700E1 -1.263094E1
1.925100E1 -1.443470E1
1.928400E1 -1.576781E1
1.931700E1 -1.594859E1
1.935100E1 -1.601406E1
1.938400E1 -1.578651E1
1.941700E1 -1.470048E1
1.945000E1 -1.287491E1
1.948400E1 -1.086894E1
1.951700E1 -8.363210E0
1.955000E1 -5.509244E0
1.958400E1 -2.481846E0
1.961700E1 4.719823E-1
1.965000E1 3.491525E0
1.968400E1 6.461418E0
1.971700E1 9.074627E0
1.975000E1 1.169047E1
1.978400E1 1.395206E1
1.981700E1 1.553173E1
1.985000E1 1.651541E1
1.988300E1 1.650440E1
1.991700E1 1.627197E1
1.995000E1 1.526638E1
1.998300E1 1.388652E1
2.001700E1 1.185965E1
2.005000E1 9.423824E0
2.008300E1 6.899743E0
2.011700E1 4.038627E0
2.015000E1 1.034120E0
2.018300E1 -1.902457E0
2.021700E1 -4.758457E0
2.025000E1 -7.477011E0
2.028300E1 -9.949473E0
2.031600E1 -1.192056E1
2.035000E1 -1.350671E1
2.038300E1 -1.505926E1
2.041600E1 -1.581631E1
2.045000E1 -1.586421E1
2.048300E1 -1.550869E1
2.051600E1 -1.445283E1
2.055000E1 -1.278128E1
2.058300E1 -1.086086E1
2.061600E1 -8.527262E0
2.064900E1 -5.815950E0
2.068300E1 -2.893773E0
2.071600E1 -4.621033E-2
2.074900E1 3.090138E0
2.078300E1 5.874603E0
2.081600E1 8.441280E0
2.084900E1 1.072741E1
2.088300E1 1.247276E1
2.091600E1 1.376573E1
2.094900E1 1.458816E1
2.098300E1 1.488113E1
2.101600E1 1.469983E1
2.104900E1 1.397278E1
2.108200E1 1.282545E1
2.111600E1 1.137679E1
2.114900E1 9.313536E0
2.118200E1 6.839592E0
2.121600E1 4.089924E0
2.124900E1 1.252710E0
2.128200E1 -1.607561E0
2.131600E1 -4.517846E0
2.134900E1 -7.214324E0
2.138200E1 -9.768305E0
2.141600E1 -1.193356E1
2.144900E1 -1.364160E1
2.148200E1 -1.502081E1
2.151500E1 -1.562848E1
2.154900E1 -1.576372E1
2.158200E1 -1.554266E1
2.161500E1 -1.419841E1
2.164900E1 -1.273592E1
2.168200E1 -1.094711E1
2.171500E1 -8.589410E0
2.174900E1 -5.950641E0
2.178200E1 -3.038751E0
2.181500E1 -1.237131E-1
2.184800E1 2.886790E0
2.188200E1 5.739334E0
2.191500E1 8.400740E0
2.194800E1 1.078434E1
2.198200E1 1.331083E1
2.201500E1 1.490913E1
2.204800E1 1.515039E1
2.208200E1 1.555826E1
2.211500E1 1.513688E1
2.214800E1 1.457110E1
2.218200E1 1.356893E1
2.221500E1 1.192244E1
2.224800E1 9.540017E0
2.228100E1 7.033667E0
2.231500E1 4.303201E0
2.234800E1 1.462291E0
2.238100E1 -1.511901E0
2.241500E1 -4.262796E0
2.244800E1 -6.960611E0
2.248100E1 -9.411529E0
2.251500E1 -1.142983E1
2.254800E1 -1.324365E1
2.258100E1 -1.425864E1
2.261500E1 -1.508104E1
2.264800E1 -1.533352E1
2.268100E1 -1.509403E1
2.271400E1 -1.411202E1
2.274800E1 -1.280077E1
2.278100E1 -1.089719E1
2.281400E1 -8.744958E0
2.284800E1 -6.115971E0
2.288100E1 -3.286319E0
2.291400E1 -3.649878E-1
2.294800E1 2.576703E0
2.298100E1 5.583314E0
2.301400E1 8.261307E0
2.304700E1 1.073849E1
2.308100E1 1.291021E1
2.311400E1 1.452840E1
2.314700E1 1.505897E1
2.318100E1 1.566775E1
2.321400E1 1.554401E1
2.324700E1 1.468837E1
2.328100E1 1.366716E1
2.331400E1 1.174886E1
2.334700E1 9.588094E0
2.338100E1 7.159327E0
2.341400E1 4.523915E0
2.344700E1 1.658709E0
2.348000E1 -1.245518E0
2.351400E1 -3.966874E0
2.354700E1 -6.611839E0
2.358000E1 -9.050417E0
2.361400E1 -1.095781E1
2.364700E1 -1.268584E1
2.368000E1 -1.370286E1
2.371400E1 -1.437166E1
2.374700E1 -1.454827E1
2.378000E1 -1.447192E1
2.381400E1 -1.367249E1
2.384700E1 -1.233507E1
2.388000E1 -1.070835E1
2.391300E1 -8.648654E0
2.394700E1 -6.133026E0
2.398000E1 -3.276368E0
2.401300E1 -4.554706E-1
2.404700E1 2.488726E0
2.408000E1 5.517413E0
2.411300E1 8.228033E0
2.414700E1 1.046230E1
2.418000E1 1.251924E1
2.421300E1 1.440576E1
2.424600E1 1.526680E1
2.428000E1 1.595999E1
2.431300E1 1.593217E1
2.434600E1 1.487502E1
2.438000E1 1.354210E1
2.441300E1 1.184779E1
2.444600E1 9.692083E0
2.448000E1 7.272582E0
2.451300E1 4.630339E0
2.454600E1 1.831406E0
2.458000E1 -1.053787E0
2.461300E1 -3.862418E0
2.464600E1 -6.584671E0
2.467900E1 -9.211114E0
2.471300E1 -1.146812E1
2.474600E1 -1.335817E1
2.477900E1 -1.470105E1
2.481300E1 -1.559811E1
2.484600E1 -1.600375E1
2.487900E1 -1.570210E1
2.491300E1 -1.474531E1
2.494600E1 -1.335131E1
2.497900E1 -1.145319E1
2.501300E1 -9.147990E0
2.504600E1 -6.594460E0
2.507900E1 -3.829973E0
2.511200E1 -1.015661E0
2.514600E1 2.014790E0
2.517900E1 4.695957E0
2.521200E1 7.380285E0
2.524600E1 9.550728E0
2.527900E1 1.139056E1
2.531200E1 1.273019E1
2.534600E1 1.378591E1
2.537900E1 1.428881E1
2.541200E1 1.427826E1
2.544500E1 1.375802E1
2.547900E1 1.278848E1
2.551200E1 1.136299E1
2.554500E1 9.706059E0
2.557900E1 7.375998E0
2.561200E1 4.801516E0
2.564500E1 2.002958E0
2.567900E1 -9.675904E-1
2.571200E1 -3.569395E0
2.574500E1 -6.140414E0
2.577900E1 -8.614338E0
2.581200E1 -1.085794E1
2.584500E1 -1.281688E1
2.587800E1 -1.424111E1
2.591200E1 -1.490106E1
2.594500E1 -1.519635E1
2.597800E1 -1.486627E1
2.601200E1 -1.400046E1
2.604500E1 -1.259620E1
2.607800E1 -1.092455E1
2.611200E1 -8.944760E0
2.614500E1 -6.470968E0
2.617800E1 -3.660704E0
2.621200E1 -7.131510E-1
2.624500E1 2.067871E0
2.627800E1 4.935580E0
2.631100E1 7.670944E0
2.634500E1 1.009542E1
2.637800E1 1.218353E1
2.641100E1 1.392555E1
2.644500E1 1.503273E1
2.647800E1 1.494394E1
2.651100E1 1.489609E1
2.654500E1 1.432963E1
2.657800E1 1.313218E1
2.661100E1 1.161332E1
2.664400E1 9.798322E0
2.667800E1 7.420001E0
2.671100E1 4.882985E0
2.674400E1 2.185439E0
2.677800E1 -6.453960E-1
2.681100E1 -3.395062E0
2.684400E1 -6.023018E0
2.687800E1 -8.402569E0
2.691100E1 -1.056969E1
2.694400E1 -1.246782E1
2.697800E1 -1.391379E1
2.701100E1 -1.465295E1
2.704400E1 -1.455468E1
2.707700E1 -1.421927E1
2.711100E1 -1.371688E1
2.714400E1 -1.263973E1
2.717700E1 -1.096420E1
2.721100E1 -8.934328E0
2.724400E1 -6.424661E0
2.727700E1 -3.846048E0
2.731100E1 -1.077388E0
2.734400E1 1.727823E0
2.737700E1 4.431291E0
2.741000E1 7.103917E0
2.744400E1 9.598542E0
2.747700E1 1.172561E1
2.751000E1 1.350917E1
2.754400E1 1.486337E1
2.757700E1 1.475513E1
2.761000E1 1.473018E1
2.764400E1 1.423348E1
2.767700E1 1.315270E1
2.771000E1 1.148910E1
2.774400E1 9.847036E0
2.777700E1 7.472113E0
2.781000E1 4.970895E0
2.784300E1 2.308692E0
2.787700E1 -4.712550E-1
2.791000E1 -3.107165E0
2.794300E1 -5.758795E0
2.797700E1 -8.016782E0
2.801000E1 -1.006104E1
2.804300E1 -1.212079E1
2.807700E1 -1.345573E1
2.811000E1 -1.395551E1
2.814300E1 -1.450639E1
2.817700E1 -1.425148E1
2.821000E1 -1.353282E1
2.824300E1 -1.236009E1
2.827600E1 -1.098376E1
2.831000E1 -8.934000E0
2.834300E1 -6.561989E0
2.837600E1 -3.924130E0
2.841000E1 -1.232225E0
2.844300E1 1.600546E0
2.847600E1 4.439431E0
2.851000E1 7.137756E0
2.854300E1 9.476818E0
2.857600E1 1.170464E1
2.860900E1 1.322280E1
2.864300E1 1.382087E1
2.867600E1 1.451109E1
2.870900E1 1.452526E1
2.874300E1 1.402118E1
2.877600E1 1.319196E1
2.880900E1 1.159446E1
2.884300E1 9.570880E0
2.887600E1 7.457406E0
2.890900E1 5.058529E0
2.894300E1 2.398779E0
2.897600E1 -4.602966E-1
2.900900E1 -3.011682E0
2.904200E1 -5.564423E0
2.907600E1 -7.938044E0
2.910900E1 -1.011463E1
2.914200E1 -1.198522E1
2.917600E1 -1.345836E1
2.920900E1 -1.405104E1
2.924200E1 -1.426532E1
2.927600E1 -1.424653E1
2.930900E1 -1.371269E1
2.934200E1 -1.258585E1
2.937600E1 -1.104097E1
2.940900E1 -8.904357E0
2.944200E1 -6.566918E0
2.947500E1 -4.043525E0
2.950900E1 -1.422946E0
2.954200E1 1.419615E0
2.957500E1 4.261266E0
2.960900E1 6.893303E0
2.964200E1 9.172169E0
2.967500E1 1.120693E1
2.970900E1 1.249511E1
2.974200E1 1.359921E1
2.977500E1 1.430050E1
2.980800E1 1.440922E1
2.984200E1 1.405258E1
2.987500E1 1.309034E1
2.990800E1 1.145791E1
2.994200E1 9.748127E0
2.997500E1 7.442249E0
3.000800E1 5.138500E0
3.004200E1 2.508139E0
3.007500E1 -2.599651E-1
3.010800E1 -2.750396E0
3.014200E1 -5.334314E0
3.017500E1 -7.841106E0
3.020800E1 -1.000409E1
3.024100E1 -1.192797E1
3.027500E1 -1.332032E1
3.030800E1 -1.436294E1
3.034100E1 -1.445760E1
3.037500E1 -1.448577E1
3.040800E1 -1.343071E1
3.044100E1 -1.233750E1
3.047500E1 -1.083538E1
3.050800E1 -8.899934E0
3.054100E1 -6.675925E0
3.057500E1 -3.994917E0
3.060800E1 -1.365454E0
3.064100E1 1.284234E0
3.067400E1 3.940176E0
3.070800E1 6.501424E0
3.074100E1 8.756592E0
3.077400E1 1.070980E1
3.080800E1 1.225474E1
3.084100E1 1.319176E1
3.087400E1 1.358437E1
3.090800E1 1.374334E1
3.094100E1 1.346961E1
3.097400E1 1.291961E1
3.100700E1 1.163937E1
3.104100E1 9.907214E0
3.107400E1 7.495290E0
3.110700E1 5.156503E0
3.114100E1 2.598925E0
3.117400E1 -1.016233E-1
3.120700E1 -2.645401E0
3.124100E1 -5.111826E0
3.127400E1 -7.406764E0
3.130700E1 -9.728332E0
3.134100E1 -1.138756E1
3.137400E1 -1.309963E1
3.140700E1 -1.390701E1
3.144000E1 -1.446549E1
3.147400E1 -1.415265E1
3.150700E1 -1.345926E1
3.154000E1 -1.242165E1
3.157400E1 -1.080687E1
3.160700E1 -8.872638E0
3.164000E1 -6.666649E0
3.167400E1 -4.151800E0
3.170700E1 -1.501438E0
3.174000E1 1.132029E0
3.177400E1 3.734954E0
3.180700E1 6.306506E0
3.184000E1 8.780548E0
3.187300E1 1.048023E1
3.190700E1 1.183301E1
3.194000E1 1.306019E1
3.197300E1 1.384604E1
3.200700E1 1.391493E1
3.204000E1 1.335229E1
3.207300E1 1.255562E1
3.210700E1 1.128007E1
3.214000E1 9.727232E0
3.217300E1 7.546253E0
3.220600E1 5.197903E0
3.224000E1 2.714631E0
3.227300E1 7.334996E-2
3.230600E1 -2.519031E0
3.234000E1 -5.144863E0
3.237300E1 -7.653397E0
3.240600E1 -9.847036E0
3.244000E1 -1.169301E1
3.247300E1 -1.311344E1
3.250600E1 -1.404280E1
3.254000E1 -1.454706E1
3.257300E1 -1.450112E1
3.260600E1 -1.387299E1
3.263900E1 -1.255237E1
3.267300E1 -1.085248E1
3.270600E1 -8.746893E0
3.273900E1 -6.602928E0
3.277300E1 -4.264274E0
3.280600E1 -1.584542E0
3.283900E1 1.005031E0
3.287300E1 3.709881E0
3.290600E1 6.289383E0
3.293900E1 8.748307E0
3.297300E1 1.074089E1
3.300600E1 1.212446E1
3.303900E1 1.305334E1
3.307200E1 1.365486E1
3.310600E1 1.392144E1
3.313900E1 1.361547E1
3.317200E1 1.285767E1
3.320600E1 1.153027E1
3.323900E1 9.776857E0
3.327200E1 7.630552E0
3.330600E1 5.243635E0
3.333900E1 2.753531E0
3.337200E1 1.378306E-1
3.340500E1 -2.295114E0
3.343900E1 -4.827804E0
3.347200E1 -7.325059E0
3.350500E1 -9.475706E0
3.353900E1 -1.115678E1
3.357200E1 -1.273300E1
3.360500E1 -1.381407E1
3.363900E1 -1.404006E1
3.367200E1 -1.401269E1
3.370500E1 -1.340289E1
3.373900E1 -1.215850E1
3.377200E1 -1.052106E1
3.380500E1 -8.821644E0
3.383800E1 -6.720174E0
3.387200E1 -4.432256E0
3.390500E1 -1.792972E0
3.393800E1 8.539231E-1
3.397200E1 3.487183E0
3.400500E1 6.136442E0
3.403800E1 8.429434E0
3.407200E1 1.061236E1
3.410500E1 1.227119E1
3.413800E1 1.368881E1
3.417200E1 1.348711E1
3.420500E1 1.379405E1
3.423800E1 1.347713E1
3.427100E1 1.267536E1
3.430500E1 1.142050E1
3.433800E1 9.793247E0
3.437100E1 7.645977E0
3.440500E1 5.276461E0
3.443800E1 2.785712E0
3.447100E1 1.517524E-1
3.450500E1 -2.205347E0
3.453800E1 -4.743645E0
3.457100E1 -6.786182E0
3.460400E1 -8.834149E0
3.463800E1 -1.043544E1
3.467100E1 -1.210009E1
3.470400E1 -1.308773E1
3.473800E1 -1.365599E1
3.477100E1 -1.366066E1
3.480400E1 -1.323793E1
3.483800E1 -1.203927E1
3.487100E1 -1.062872E1
3.490400E1 -8.800953E0
3.493800E1 -6.645898E0
3.497100E1 -4.322638E0
3.500400E1 -1.699824E0
3.503700E1 8.605938E-1
3.507100E1 3.436021E0
3.510400E1 5.877243E0
3.513700E1 8.166257E0
3.517100E1 9.905541E0
3.520400E1 1.138731E1
3.523700E1 1.282212E1
3.527100E1 1.354585E1
3.530400E1 1.361572E1
3.533700E1 1.342139E1
3.537100E1 1.243229E1
3.540400E1 1.123107E1
3.543700E1 9.504805E0
3.547000E1 7.680553E0
3.550400E1 5.414976E0
3.553700E1 2.965378E0
3.557000E1 3.342330E-1
3.560400E1 -2.070098E0
3.563700E1 -4.583310E0
3.567000E1 -6.704043E0
3.570400E1 -8.615366E0
3.573700E1 -1.049681E1
3.577000E1 -1.197488E1
3.580300E1 -1.305452E1
3.583700E1 -1.363871E1
3.587000E1 -1.360032E1
3.590300E1 -1.287946E1
3.593700E1 -1.178463E1
3.597000E1 -1.048214E1
3.600300E1 -8.781995E0
3.603700E1 -6.633547E0
3.607000E1 -4.247261E0
3.610300E1 -1.926631E0
3.613700E1 5.728634E-1
3.617000E1 3.146406E0
3.620300E1 5.598031E0
3.623600E1 7.944639E0
3.627000E1 9.942423E0
3.630300E1 1.166683E1
3.633600E1 1.249163E1
3.637000E1 1.318759E1
3.640300E1 1.347986E1
3.643600E1 1.316475E1
3.647000E1 1.255433E1
3.650300E1 1.121548E1
3.653600E1 9.392783E0
3.656900E1 7.629591E0
3.660300E1 5.259136E0
3.663600E1 2.902360E0
3.666900E1 3.610719E-1
3.670300E1 -2.034988E0
3.673600E1 -4.501668E0
3.676900E1 -6.907036E0
3.680300E1 -8.953251E0
3.683600E1 -1.079745E1
3.686900E1 -1.208734E1
3.690300E1 -1.297516E1
3.693600E1 -1.354117E1
3.696900E1 -1.355337E1
3.700200E1 -1.312922E1
3.703600E1 -1.178072E1
3.706900E1 -1.048664E1
3.710200E1 -8.875790E0
3.713600E1 -6.643335E0
3.716900E1 -4.478034E0
3.720200E1 -1.990325E0
3.723600E1 5.090284E-1
3.726900E1 2.986053E0
3.730200E1 5.256014E0
3.733600E1 7.433143E0
3.736900E1 9.304234E0
3.740200E1 1.072685E1
3.743500E1 1.200101E1
3.746900E1 1.271501E1
3.750200E1 1.280843E1
3.753500E1 1.269426E1
3.756900E1 1.212532E1
3.760200E1 1.118590E1
3.763500E1 9.601718E0
3.766900E1 7.649316E0
3.770200E1 5.413437E0
3.773500E1 3.118411E0
3.776800E1 7.089426E-1
3.780200E1 -1.785542E0
3.783500E1 -4.197271E0
3.786800E1 -6.476351E0
3.790200E1 -8.490561E0
3.793500E1 -1.002379E1
3.796800E1 -1.109909E1
3.800200E1 -1.192239E1
3.803500E1 -1.229338E1
3.806800E1 -1.226451E1
3.810200E1 -1.202613E1
3.813500E1 -1.127471E1
3.816800E1 -1.023091E1
3.820100E1 -8.582538E0
3.823500E1 -6.611597E0
3.826800E1 -4.425634E0
3.830100E1 -2.015304E0
3.833500E1 3.427791E-1
3.836800E1 3.037975E0
3.840100E1 5.569101E0
3.843500E1 7.555957E0
3.846800E1 9.799191E0
3.850100E1 1.084549E1
3.853500E1 1.223704E1
3.856800E1 1.287382E1
3.860100E1 1.307750E1
3.863400E1 1.296955E1
3.866800E1 1.240961E1
3.870100E1 1.106393E1
3.873400E1 9.393575E0
3.876800E1 7.554026E0
3.880100E1 5.267869E0
3.883400E1 3.057429E0
3.886800E1 6.415536E-1
3.890100E1 -1.705208E0
3.893400E1 -4.140643E0
3.896700E1 -6.353657E0
3.900100E1 -8.358053E0
3.903400E1 -1.010817E1
3.906700E1 -1.135442E1
3.910100E1 -1.245301E1
3.913400E1 -1.323742E1
3.916700E1 -1.322814E1
3.920100E1 -1.262528E1
3.923400E1 -1.166563E1
3.926700E1 -1.033715E1
3.930100E1 -8.782985E0
3.933400E1 -6.762858E0
3.936700E1 -4.453944E0
3.940000E1 -2.051647E0
3.943400E1 3.939941E-1
3.946700E1 3.010884E0
3.950000E1 5.548074E0
3.953400E1 7.327531E0
3.956700E1 9.360153E0
3.960000E1 1.078886E1
3.963400E1 1.182014E1
3.966700E1 1.243722E1
3.970000E1 1.273358E1
3.973400E1 1.263908E1
3.976700E1 1.205471E1
3.980000E1 1.077236E1
3.983300E1 9.224453E0
3.986700E1 7.681279E0
3.990000E1 5.396802E0
3.993300E1 3.128424E0
3.996700E1 6.314404E-1
4.000000E1 -1.870954E0
4.003300E1 -4.313172E0
4.006700E1 -6.592507E0
4.010000E1 -8.589464E0
4.013300E1 -1.038383E1
4.016600E1 -1.169326E1
4.020000E1 -1.280778E1
4.023300E1 -1.341728E1
4.026600E1 -1.343164E1
4.030000E1 -1.289607E1
4.033300E1 -1.187789E1
4.036600E1 -1.052210E1
4.040000E1 -8.594054E0
4.043300E1 -6.666870E0
4.046600E1 -4.440531E0
4.050000E1 -2.110346E0
4.053300E1 2.407012E-1
4.056600E1 2.639656E0
4.059900E1 4.876875E0
4.063300E1 7.115840E0
4.066600E1 9.274789E0
4.069900E1 1.069894E1
4.073300E1 1.177786E1
4.076600E1 1.254969E1
4.079900E1 1.260273E1
4.083300E1 1.235997E1
4.086600E1 1.191113E1
4.089900E1 1.083851E1
4.093300E1 9.350716E0
4.096600E1 7.471801E0
4.099900E1 5.473517E0
4.103200E1 3.241186E0
4.106600E1 7.910013E-1
4.109900E1 -1.497415E0
4.113200E1 -3.991571E0
4.116600E1 -6.294699E0
4.119900E1 -8.084151E0
4.123200E1 -9.908637E0
4.126600E1 -1.148156E1
4.129900E1 -1.249064E1
4.133200E1 -1.276017E1
4.136500E1 -1.276008E1
4.139900E1 -1.221838E1
4.143200E1 -1.148858E1
4.146500E1 -1.005723E1
4.149900E1 -8.435570E0
4.153200E1 -6.638310E0
4.156500E1 -4.451595E0
4.159900E1 -1.971629E0
4.163200E1 4.258298E-1
4.166500E1 2.867834E0
4.169900E1 5.172513E0
4.173200E1 7.376516E0
4.176500E1 9.185945E0
4.179800E1 1.110617E1
4.183200E1 1.189545E1
4.186500E1 1.280255E1
4.189800E1 1.288205E1
4.193200E1 1.250002E1
4.196500E1 1.184877E1
4.199800E1 1.070217E1
4.203200E1 9.114519E0
4.206500E1 7.381649E0
4.209800E1 5.563498E0
4.213200E1 3.299565E0
4.216500E1 9.858174E-1
4.219800E1 -1.413154E0
4.223100E1 -3.690333E0
4.226500E1 -5.942213E0
4.229800E1 -7.879262E0
4.233100E1 -9.734566E0
4.236500E1 -1.130323E1
4.239800E1 -1.207073E1
4.243100E1 -1.267072E1
4.246500E1 -1.236610E1
4.249800E1 -1.220787E1
4.253100E1 -1.143999E1
4.256400E1 -1.002867E1
4.259800E1 -8.367409E0
4.263100E1 -6.601291E0
4.266400E1 -4.437038E0
4.269800E1 -2.031850E0
4.273100E1 2.852927E-1
4.276400E1 2.773540E0
4.279800E1 4.954183E0
4.283100E1 6.991411E0
4.286400E1 9.097098E0
4.289800E1 1.067769E1
4.293100E1 1.169865E1
4.296400E1 1.217072E1
4.299700E1 1.247117E1
4.303100E1 1.226707E1
4.306400E1 1.189900E1
4.309700E1 1.085044E1
4.313100E1 9.196723E0
4.316400E1 7.371224E0
4.319700E1 5.443892E0
4.323100E1 3.239799E0
4.326400E1 8.402794E-1
4.329700E1 -1.595031E0
4.333100E1 -3.958241E0
4.336400E1 -6.241555E0
4.339700E1 -8.260546E0
4.343000E1 -1.007316E1
4.346400E1 -1.145310E1
4.349700E1 -1.255766E1
4.353000E1 -1.312398E1
4.356400E1 -1.308998E1
4.359700E1 -1.273656E1
4.363000E1 -1.178104E1
4.366400E1 -1.055136E1
4.369700E1 -8.876717E0
4.373000E1 -6.931883E0
4.376300E1 -4.679341E0
4.379700E1 -2.369858E0
4.383000E1 -1.083962E-1
4.386300E1 2.327277E0
4.389700E1 4.546537E0
4.393000E1 6.529583E0
4.396300E1 8.294067E0
4.399700E1 9.759836E0
4.403000E1 1.084777E1
4.406300E1 1.144466E1
4.409700E1 1.182374E1
4.413000E1 1.166362E1
4.416300E1 1.111482E1
4.419600E1 1.019107E1
4.423000E1 8.979869E0
4.426300E1 7.350781E0
4.429600E1 5.464967E0
4.433000E1 3.209526E0
4.436300E1 9.298270E-1
4.439600E1 -1.377043E0
4.443000E1 -3.599093E0
4.446300E1 -5.900930E0
4.449600E1 -8.017502E0
4.453000E1 -9.854574E0
4.456300E1 -1.102805E1
4.459600E1 -1.197147E1
4.462900E1 -1.199367E1
4.466300E1 -1.229975E1
4.469600E1 -1.189690E1
4.472900E1 -1.105542E1
4.476300E1 -9.652194E0
4.479600E1 -8.263004E0
4.482900E1 -6.447443E0
4.486300E1 -4.369632E0
4.489600E1 -2.018387E0
4.492900E1 2.064986E-1
4.496200E1 2.575789E0
4.499600E1 4.821819E0
4.502900E1 6.946357E0
4.506200E1 8.930705E0
4.509600E1 1.062107E1
4.512900E1 1.201127E1
4.516200E1 1.287522E1
4.519600E1 1.283036E1
4.522900E1 1.264042E1
4.526200E1 1.183229E1
4.529600E1 1.069294E1
4.532900E1 9.305842E0
4.536200E1 7.325337E0
4.539500E1 5.374257E0
4.542900E1 3.194500E0
4.546200E1 9.099556E-1
4.549500E1 -1.328062E0
4.552900E1 -3.659997E0
4.556200E1 -5.683122E0
4.559500E1 -7.481774E0
4.562900E1 -8.940988E0
4.566200E1 -1.013496E1
4.569500E1 -1.108393E1
4.572800E1 -1.182859E1
4.576200E1 -1.190023E1
4.579500E1 -1.169199E1
4.582800E1 -1.106130E1
4.586200E1 -9.914792E0
4.589500E1 -8.121683E0
4.592800E1 -6.363746E0
4.596200E1 -4.431172E0
4.599500E1 -2.130198E0
4.602800E1 9.075770E-2
4.606200E1 2.364559E0
4.609500E1 4.632395E0
4.612800E1 6.603255E0
4.616100E1 8.361709E0
4.619500E1 9.924413E0
4.622800E1 1.117981E1
4.626100E1 1.189238E1
4.629500E1 1.213787E1
4.632800E1 1.196959E1
4.636100E1 1.136172E1
4.639500E1 1.029608E1
4.642800E1 8.822106E0
4.646100E1 7.312989E0
4.649500E1 5.246847E0
4.652800E1 2.997311E0
4.656100E1 8.310654E-1
4.659400E1 -1.328230E0
4.662800E1 -3.657492E0
4.666100E1 -5.690182E0
4.669400E1 -7.798884E0
4.672800E1 -9.373528E0
4.676100E1 -1.067581E1
4.679400E1 -1.162130E1
4.682800E1 -1.227582E1
4.686100E1 -1.231818E1
4.689400E1 -1.187874E1
4.692700E1 -1.108220E1
4.696100E1 -9.623575E0
4.699400E1 -8.251672E0
4.702700E1 -6.484142E0
4.706100E1 -4.336811E0
4.709400E1 -2.227195E0
4.712700E1 7.171752E-2
4.716100E1 2.499941E0
4.719400E1 4.872384E0
4.722700E1 7.065322E0
4.726100E1 8.315388E0
4.729400E1 9.697798E0
4.732700E1 1.091014E1
4.736000E1 1.157312E1
4.739400E1 1.177072E1
4.742700E1 1.143177E1
4.746000E1 1.103233E1
4.749400E1 1.012576E1
4.752700E1 8.604405E0
4.756000E1 7.210342E0
4.759400E1 5.010202E0
4.762700E1 3.135471E0
4.766000E1 8.716327E-1
4.769400E1 -1.332963E0
4.772700E1 -3.540378E0
4.776000E1 -5.658859E0
4.779300E1 -7.564393E0
4.782700E1 -9.074496E0
4.786000E1 -1.049519E1
4.789300E1 -1.137939E1
4.792700E1 -1.171919E1
4.796000E1 -1.174494E1
4.799300E1 -1.152241E1
4.802700E1 -1.069008E1
4.806000E1 -9.631401E0
4.809300E1 -8.272755E0
4.812600E1 -6.279537E0
4.816000E1 -4.395879E0
4.819300E1 -2.018997E0
4.822600E1 1.223749E-1
4.826000E1 2.425068E0
4.829300E1 4.541280E0
4.832600E1 6.810876E0
4.836000E1 8.766916E0
4.839300E1 1.041509E1
4.842600E1 1.165530E1
4.846000E1 1.199126E1
4.849300E1 1.224970E1
4.852600E1 1.192855E1
4.855900E1 1.134907E1
4.859300E1 1.020588E1
4.862600E1 8.679767E0
4.865900E1 7.182126E0
4.869300E1 5.212255E0
4.872600E1 3.132946E0
4.875900E1 8.632483E-1
4.879300E1 -1.142958E0
4.882600E1 -3.395451E0
4.885900E1 -5.326572E0
4.889300E1 -7.454849E0
4.892600E1 -9.079027E0
4.895900E1 -1.037172E1
4.899200E1 -1.126981E1
4.902600E1 -1.169387E1
4.905900E1 -1.170544E1
4.909200E1 -1.160251E1
4.912600E1 -1.083438E1
4.915900E1 -9.528905E0
4.919200E1 -8.030628E0
4.922600E1 -6.228983E0
4.925900E1 -4.200050E0
4.929200E1 -2.065538E0
4.932500E1 2.343193E-1
4.935900E1 2.450727E0
4.939200E1 4.616146E0
4.942500E1 6.665065E0
4.945900E1 8.601337E0
4.949200E1 1.017030E1
4.952500E1 1.146025E1
4.955900E1 1.178884E1
4.959200E1 1.198606E1
4.962500E1 1.173028E1
4.965900E1 1.114892E1
4.969200E1 1.016827E1
4.972500E1 8.446210E0
4.975800E1 7.036785E0
4.979200E1 5.076035E0
4.982500E1 3.073832E0
4.985800E1 8.373269E-1
4.989200E1 -1.484738E0
4.992500E1 -3.514062E0
4.995800E1 -5.513615E0
4.999200E1 -7.549934E0
5.002500E1 -9.002153E0
5.005800E1 -1.015713E1
5.009200E1 -1.087090E1
5.012500E1 -1.115658E1
5.015800E1 -1.146284E1
5.019100E1 -1.108401E1
5.022500E1 -1.040691E1
5.025800E1 -9.412887E0
5.029100E1 -7.921873E0
5.032500E1 -6.342970E0
5.035800E1 -4.313001E0
5.039100E1 -2.287288E0
5.042500E1 -2.122280E-2
5.045800E1 2.244343E0
5.049100E1 4.410001E0
5.052400E1 6.375737E0
5.055800E1 7.936061E0
5.059100E1 9.358710E0
5.062400E1 1.032832E1
5.065800E1 1.097859E1
5.069100E1 1.142027E1
5.072400E1 1.127771E1
5.075800E1 1.054078E1
5.079100E1 9.747923E0
5.082400E1 8.415467E0
5.085800E1 6.846047E0
5.089100E1 5.122827E0
5.092400E1 3.052860E0
5.095700E1 8.766751E-1
5.099100E1 -1.263703E0
5.102400E1 -3.461052E0
5.105700E1 -5.436263E0
5.109100E1 -7.161938E0
5.112400E1 -8.826276E0
5.115700E1 -1.018340E1
5.119100E1 -1.101104E1
5.122400E1 -1.168191E1
5.125700E1 -1.137794E1
5.129100E1 -1.112130E1
5.132400E1 -1.024603E1
5.135700E1 -9.389395E0
5.139000E1 -7.659715E0
5.142400E1 -5.984928E0
5.145700E1 -4.177421E0
5.149000E1 -2.032354E0
5.152400E1 1.984187E-1
5.155700E1 2.353180E0
5.159000E1 4.449768E0
5.162400E1 6.264269E0
5.165700E1 7.829113E0
5.169000E1 9.373160E0
5.172300E1 1.048317E1
5.175700E1 1.129581E1
5.179000E1 1.160501E1
5.182300E1 1.149184E1
5.185700E1 1.097807E1
5.189000E1 1.003365E1
5.192300E1 8.694081E0
5.195700E1 6.934295E0
5.199000E1 5.047974E0
5.202300E1 3.046774E0
5.205700E1 9.266991E-1
5.209000E1 -1.225218E0
5.212300E1 -3.339849E0
5.215600E1 -5.462600E0
5.219000E1 -7.208644E0
5.222300E1 -8.619079E0
5.225600E1 -1.005497E1
5.229000E1 -1.099712E1
5.232300E1 -1.132251E1
5.235600E1 -1.158433E1
5.239000E1 -1.130657E1
5.242300E1 -1.043185E1
5.245600E1 -9.229910E0
5.249000E1 -7.755913E0
5.252300E1 -6.016954E0
5.255600E1 -4.233975E0
5.258900E1 -2.047864E0
5.262300E1 7.649334E-2
5.265600E1 2.131905E0
5.268900E1 4.198703E0
5.272300E1 6.160590E0
5.275600E1 7.869078E0
5.278900E1 9.471077E0
5.282300E1 1.042813E1
5.285600E1 1.096411E1
5.288900E1 1.129303E1
5.292200E1 1.121024E1
5.295600E1 1.069755E1
5.298900E1 9.705049E0
5.302200E1 8.530751E0
5.305600E1 6.768289E0
5.308900E1 4.962651E0
5.312200E1 3.074707E0
5.315600E1 9.321052E-1
5.318900E1 -1.116539E0
5.322200E1 -3.207455E0
5.325600E1 -5.189137E0
5.328900E1 -6.806730E0
5.332200E1 -8.342029E0
5.335500E1 -9.768914E0
5.338900E1 -1.037960E1
5.342200E1 -1.092691E1
5.345500E1 -1.081931E1
5.348900E1 -1.093261E1
5.352200E1 -1.038327E1
5.355500E1 -9.129116E0
5.358900E1 -7.753165E0
5.362200E1 -6.111714E0
5.365500E1 -4.049466E0
5.368900E1 -2.046752E0
5.372200E1 1.975698E-1
5.375500E1 2.341460E0
5.378800E1 4.511320E0
5.382200E1 6.375815E0
5.385500E1 7.748055E0
5.388800E1 9.038729E0
5.392200E1 1.011729E1
5.395500E1 1.080672E1
5.398800E1 1.103525E1
5.402200E1 1.098956E1
5.405500E1 1.059766E1
5.408800E1 9.726296E0
5.412100E1 8.360653E0
5.415500E1 6.603538E0
5.418800E1 5.030713E0
5.422100E1 3.017198E0
5.425500E1 9.863476E-1
5.428800E1 -1.183424E0
5.432100E1 -3.343430E0
5.435500E1 -5.399146E0
5.438800E1 -7.239595E0
5.442100E1 -8.638902E0
5.445500E1 -9.898091E0
5.448800E1 -1.087887E1
5.452100E1 -1.140149E1
5.455400E1 -1.147380E1
5.458800E1 -1.107215E1
5.462100E1 -1.012139E1
5.465400E1 -8.879770E0
5.468800E1 -7.465905E0
5.472100E1 -6.017401E0
5.475400E1 -4.023264E0
5.478800E1 -1.895794E0
5.482100E1 2.014101E-1
5.485400E1 2.247208E0
5.488700E1 4.349221E0
5.492100E1 6.007526E0
5.495400E1 7.757984E0
5.498700E1 8.976010E0
5.502100E1 1.021328E1
5.505400E1 1.095992E1
5.508700E1 1.126076E1
5.512100E1 1.112055E1
5.515400E1 1.042730E1
5.518700E1 9.408330E0
5.522100E1 8.325652E0
5.525400E1 6.697750E0
5.528700E1 4.832593E0
5.532000E1 2.856820E0
5.535400E1 8.450036E-1
5.538700E1 -1.235246E0
5.542000E1 -3.294941E0
5.545400E1 -5.302554E0
5.548700E1 -7.084314E0
5.552000E1 -8.481273E0
5.555400E1 -9.729983E0
5.558700E1 -1.040323E1
5.562000E1 -1.054231E1
5.565400E1 -1.085648E1
5.568700E1 -1.043550E1
5.572000E1 -9.758084E0
5.575300E1 -8.724192E0
5.578700E1 -7.675196E0
5.582000E1 -5.784879E0
5.585300E1 -4.181531E0
5.588700E1 -1.882484E0
5.592000E1 1.250930E-2
5.595300E1 2.056822E0
5.598700E1 4.197499E0
5.602000E1 6.136044E0
5.605300E1 7.955821E0
5.608600E1 9.221825E0
5.612000E1 1.037321E1
5.615300E1 1.116948E1
5.618600E1 1.133711E1
5.622000E1 1.114910E1
5.625300E1 1.071314E1
5.628600E1 9.648339E0
5.632000E1 8.168809E0
5.635300E1 6.492039E0
5.638600E1 4.830060E0
5.642000E1 2.941424E0
5.645300E1 7.760745E-1
5.648600E1 -1.227344E0
5.651900E1 -3.244335E0
5.655300E1 -5.219068E0
5.658600E1 -6.635572E0
5.661900E1 -8.395872E0
5.665300E1 -9.529524E0
5.668600E1 -1.009019E1
5.671900E1 -1.065058E1
5.675300E1 -1.069883E1
5.678600E1 -1.035661E1
5.681900E1 -9.996838E0
5.685300E1 -8.838318E0
5.688600E1 -7.615472E0
5.691900E1 -5.721322E0
5.695200E1 -3.857302E0
5.698600E1 -2.030710E0
5.701900E1 1.447844E-1
5.705200E1 2.004520E0
5.708600E1 4.009685E0
5.711900E1 5.920971E0
5.715200E1 7.418539E0
5.718600E1 8.818602E0
5.721900E1 9.722435E0
5.725200E1 1.040302E1
5.728500E1 1.061638E1
5.731900E1 1.070331E1
5.735200E1 1.011988E1
5.738500E1 9.651738E0
5.741900E1 8.011635E0
5.745200E1 6.567742E0
5.748500E1 4.714310E0
5.751900E1 2.708576E0
5.755200E1 7.288832E-1
5.758500E1 -1.383706E0
5.761900E1 -3.141169E0
5.765200E1 -5.040654E0
5.768500E1 -6.770289E0
5.771800E1 -8.337019E0
5.775200E1 -9.583933E0
5.778500E1 -1.036159E1
5.781800E1 -1.101928E1
5.785200E1 -1.105030E1
5.788500E1 -1.039675E1
5.791800E1 -9.810763E0
5.795200E1 -8.652968E0
5.798500E1 -7.386397E0
5.801800E1 -5.762227E0
5.805200E1 -3.859821E0
5.808500E1 -1.900645E0
5.811800E1 9.123080E-2
5.815100E1 2.167088E0
5.818500E1 4.134500E0
5.821800E1 5.877731E0
5.825100E1 7.620478E0
5.828500E1 9.087246E0
5.831800E1 1.006049E1
5.835100E1 1.057185E1
5.838500E1 1.077469E1
5.841800E1 1.065257E1
5.845100E1 1.007465E1
5.848400E1 9.157519E0
5.851800E1 7.964559E0
5.855100E1 6.393965E0
5.858400E1 4.684206E0
5.861800E1 2.766895E0
5.865100E1 8.687650E-1
5.868400E1 -1.259529E0
5.871800E1 -3.367578E0
5.875100E1 -5.206543E0
5.878400E1 -6.856827E0
5.881800E1 -8.017113E0
5.885100E1 -9.375977E0
5.888400E1 -1.020537E1
5.891700E1 -1.042789E1
5.895100E1 -1.041694E1
5.898400E1 -1.026088E1
5.901700E1 -9.495407E0
5.905100E1 -8.550437E0
5.908400E1 -7.269835E0
5.911700E1 -5.677316E0
5.915100E1 -3.717688E0
5.918400E1 -1.814775E0
5.921700E1 1.626682E-1
5.925100E1 1.972746E0
5.928400E1 4.032563E0
5.931700E1 5.745919E0
5.935000E1 7.322781E0
5.938400E1 8.588404E0
5.941700E1 9.699934E0
5.945000E1 1.084771E1
5.948400E1 1.079641E1
5.951700E1 1.060259E1
5.955000E1 9.919739E0
5.958400E1 9.302086E0
5.961700E1 7.978382E0
5.965000E1 6.345854E0
5.968300E1 4.474454E0
5.971700E1 2.745815E0
5.975000E1 8.511555E-1
5.978300E1 -1.105279E0
5.981700E1 -2.981957E0
5.985000E1 -4.786192E0
5.988300E1 -6.613270E0
5.991700E1 -8.080213E0
5.995000E1 -8.996830E0
5.998300E1 -9.965695E0
6.001700E1 -1.055040E1
6.005000E1 -1.057679E1
6.008300E1 -1.042029E1
6.011600E1 -9.840494E0
6.015000E1 -8.673876E0
6.018300E1 -6.884120E0
6.021600E1 -5.478511E0
6.025000E1 -3.749765E0
6.028300E1 -1.918436E0
6.031600E1 3.111607E-2
6.035000E1 1.962346E0
6.038300E1 4.152812E0
6.041600E1 5.888431E0
6.045000E1 7.330338E0
6.048300E1 8.607312E0
6.051600E1 9.395353E0
6.054900E1 1.009826E1
6.058300E1 1.038778E1
6.061600E1 1.048392E1
6.064900E1 9.930633E0
6.068300E1 9.173699E0
6.071600E1 7.891822E0
6.074900E1 6.144566E0
6.078300E1 4.423726E0
6.081600E1 2.736977E0
6.084900E1 7.286505E-1
6.088200E1 -1.161265E0
6.091600E1 -3.270530E0
6.094900E1 -5.099925E0
6.098200E1 -6.766426E0
6.101600E1 -7.909849E0
6.104900E1 -9.053145E0
6.108200E1 -9.846647E0
6.111600E1 -1.037914E1
6.114900E1 -1.039829E1
6.118200E1 -1.000871E1
6.121600E1 -9.234929E0
6.124900E1 -8.341829E0
6.128200E1 -6.975369E0
6.131500E1 -5.448550E0
6.134900E1 -3.818951E0
6.138200E1 -1.601156E0
6.141500E1 4.352395E-1
6.144900E1 1.982280E0
6.148200E1 3.780117E0
6.151500E1 5.511698E0
6.154900E1 7.358476E0
6.158200E1 8.793561E0
6.161500E1 9.425881E0
6.164900E1 9.957549E0
6.168200E1 1.025095E1
6.171500E1 1.017060E1
6.174800E1 1.007220E1
6.178200E1 8.812466E0
6.181500E1 7.527541E0
6.184800E1 6.318927E0
6.188200E1 4.466162E0
6.191500E1 2.610468E0
6.194800E1 4.948522E-1
6.198200E1 -1.166966E0
6.201500E1 -3.251574E0
6.204800E1 -4.934834E0
6.208100E1 -6.378356E0
6.211500E1 -8.011476E0
6.214800E1 -8.919500E0
6.218100E1 -9.658033E0
6.221500E1 -1.020779E1
6.224800E1 -1.017595E1
6.228100E1 -9.896457E0
6.231500E1 -9.354370E0
6.234800E1 -8.246806E0
6.238100E1 -6.921941E0
6.241500E1 -5.393173E0
6.244800E1 -3.703802E0
6.248100E1 -1.749277E0
6.251400E1 8.719242E-2
6.254800E1 2.098821E0
6.258100E1 4.156392E0
6.261400E1 5.806308E0
6.264800E1 7.319687E0
6.268100E1 8.768318E0
6.271400E1 9.510604E0
6.274800E1 9.985037E0
6.278100E1 1.015887E1
6.281400E1 9.836525E0
6.284800E1 9.626153E0
6.288100E1 8.546419E0
6.291400E1 7.342071E0
6.294700E1 5.953993E0
6.298100E1 4.546727E0
6.301400E1 2.428476E0
6.304700E1 4.336672E-1
6.308100E1 -1.338323E0
6.311400E1 -3.111505E0
6.314700E1 -4.863745E0
6.318100E1 -6.634248E0
6.321400E1 -8.080577E0
6.324700E1 -9.115704E0
6.328000E1 -9.911044E0
6.331400E1 -1.029044E1
6.334700E1 -1.030145E1
6.338000E1 -9.789469E0
6.341400E1 -9.035043E0
6.344700E1 -7.971967E0
6.348000E1 -6.764115E0
6.351400E1 -5.336248E0
6.354700E1 -3.666680E0
6.358000E1 -1.696755E0
6.361400E1 3.372622E-1
6.364700E1 2.340409E0
6.368000E1 4.131570E0
6.371300E1 5.938072E0
6.374700E1 7.388500E0
6.378000E1 8.631656E0
6.381300E1 9.537069E0
6.384700E1 1.021594E1
6.388000E1 1.026624E1
6.391300E1 1.006972E1
6.394700E1 9.562250E0
6.398000E1 8.769204E0
6.401300E1 7.235216E0
6.404600E1 5.894210E0
6.408000E1 4.216243E0
6.411300E1 2.522775E0
6.414600E1 6.584116E-1
6.418000E1 -1.430858E0
6.421300E1 -3.191769E0
6.424600E1 -5.032665E0
6.428000E1 -6.680510E0
6.431300E1 -7.954738E0
6.434600E1 -9.174281E0
6.438000E1 -9.576516E0
6.441300E1 -9.782961E0
6.444600E1 -9.785954E0
6.447900E1 -9.832415E0
6.451300E1 -8.967584E0
6.454600E1 -8.210711E0
6.457900E1 -6.733449E0
6.461300E1 -5.164874E0
6.464600E1 -3.424756E0
6.467900E1 -1.676519E0
6.471300E1 4.325876E-1
6.474600E1 2.222088E0
6.477900E1 4.158047E0
6.481300E1 5.820655E0
6.484600E1 7.131840E0
6.487900E1 8.429687E0
6.491200E1 9.671787E0
6.494600E1 1.003925E1
6.497900E1 1.012327E1
6.501200E1 1.005916E1
6.504600E1 9.391395E0
6.507900E1 8.486105E0
6.511200E1 7.379341E0
6.514600E1 5.857698E0
6.517900E1 4.288329E0
6.521200E1 2.253302E0
6.524500E1 3.349495E-1
6.527900E1 -1.358375E0
6.531200E1 -3.205851E0
6.534500E1 -4.759995E0
6.537900E1 -6.277228E0
6.541200E1 -7.734534E0
6.544500E1 -8.803443E0
6.547900E1 -9.573158E0
6.551200E1 -9.867711E0
6.554500E1 -9.855972E0
6.557900E1 -9.462136E0
6.561200E1 -8.784132E0
6.564500E1 -7.627534E0
6.567800E1 -6.429267E0
6.571200E1 -4.983619E0
6.574500E1 -3.329214E0
6.577800E1 -1.428773E0
6.581200E1 3.580119E-1
6.584500E1 2.239172E0
6.587800E1 3.902197E0
6.591200E1 5.593075E0
6.594500E1 7.097866E0
6.597800E1 8.438650E0
6.601200E1 9.138212E0
6.604500E1 9.763533E0
6.607800E1 9.897840E0
6.611100E1 9.803386E0
6.614500E1 9.063714E0
6.617800E1 8.299567E0
6.621100E1 7.135760E0
6.624500E1 5.674707E0
6.627800E1 3.969853E0
6.631100E1 2.395535E0
6.634500E1 5.638819E-1
6.637800E1 -1.414045E0
6.641100E1 -3.357374E0
6.644400E1 -5.060384E0
6.647800E1 -6.551218E0
6.651100E1 -7.857220E0
6.654400E1 -8.818884E0
6.657800E1 -9.447589E0
6.661100E1 -9.611207E0
6.664400E1 -9.641380E0
6.667800E1 -9.471539E0
6.671100E1 -8.752310E0
6.674400E1 -7.890206E0
6.677800E1 -6.595413E0
6.681100E1 -4.785360E0
6.684400E1 -3.189122E0
6.687700E1 -1.408164E0
6.691100E1 2.607451E-1
6.694400E1 2.250430E0
6.697700E1 3.991945E0
6.701100E1 5.602463E0
6.704400E1 7.011657E0
6.707700E1 8.108016E0
6.711100E1 8.969248E0
6.714400E1 9.552471E0
6.717700E1 9.830114E0
6.721100E1 9.741601E0
6.724400E1 9.388386E0
6.727700E1 8.500393E0
6.731000E1 7.131773E0
6.734400E1 5.767349E0
6.737700E1 4.008025E0
6.741000E1 2.244329E0
6.744400E1 2.700576E-1
6.747700E1 -1.489609E0
6.751000E1 -3.267710E0
6.754400E1 -5.038378E0
6.757700E1 -6.368288E0
6.761000E1 -7.669345E0
6.764300E1 -8.663533E0
6.767700E1 -9.227733E0
6.771000E1 -9.928889E0
6.774300E1 -9.943166E0
6.777700E1 -9.322081E0
6.781000E1 -8.891301E0
6.784300E1 -7.787526E0
6.787700E1 -6.556859E0
6.791000E1 -4.914456E0
6.794300E1 -3.375416E0
6.797700E1 -1.622726E0
6.801000E1 3.049434E-1
6.804300E1 2.270861E0
6.807600E1 4.094807E0
6.811000E1 5.630016E0
6.814300E1 7.081860E0
6.817600E1 8.222865E0
6.821000E1 9.001591E0
6.824300E1 9.368877E0
6.827600E1 9.372448E0
6.831000E1 9.141461E0
6.834300E1 8.790973E0
6.837600E1 7.942591E0
6.841000E1 6.936831E0
6.844300E1 5.597730E0
6.847600E1 3.827841E0
6.850900E1 2.028428E0
6.854300E1 2.389047E-1
6.857600E1 -1.440879E0
6.860900E1 -3.313277E0
6.864300E1 -4.957869E0
6.867600E1 -6.272563E0
6.870900E1 -7.419739E0
6.874300E1 -8.389566E0
6.877600E1 -9.158942E0
6.880900E1 -9.424770E0
6.884200E1 -9.382491E0
6.887600E1 -8.907219E0
6.890900E1 -8.476134E0
6.894200E1 -7.595068E0
6.897600E1 -6.345278E0
6.900900E1 -4.789148E0
6.904200E1 -3.051080E0
6.907600E1 -1.209930E0
6.910900E1 3.783757E-1
6.914200E1 2.207499E0
6.917600E1 3.999632E0
6.920900E1 5.768054E0
6.924200E1 7.291441E0
6.927500E1 8.139211E0
6.930900E1 9.242989E0
6.934200E1 9.593348E0
6.937500E1 9.638806E0
6.940900E1 9.391007E0
6.944200E1 9.024675E0
6.947500E1 8.075853E0
6.950900E1 6.921962E0
6.954200E1 5.484293E0
6.957500E1 3.817850E0
6.960900E1 2.014047E0
6.964200E1 8.619911E-2
6.967500E1 -1.695374E0
6.970800E1 -3.433268E0
6.974200E1 -5.022603E0
6.977500E1 -6.544767E0
6.980800E1 -7.738760E0
6.984200E1 -8.686778E0
6.987500E1 -9.233503E0
6.990800E1 -9.173564E0
6.994200E1 -9.140627E0
6.997500E1 -8.941747E0
7.000800E1 -8.261757E0
7.004100E1 -7.623970E0
7.007500E1 -6.300474E0
7.010800E1 -4.749881E0
7.014100E1 -3.072900E0
7.017500E1 -1.344642E0
7.020800E1 7.037534E-1
7.024100E1 2.400824E0
7.027500E1 4.229608E0
7.030800E1 5.711610E0
7.034100E1 6.853445E0
7.037500E1 8.131755E0
7.040800E1 8.938448E0
7.044100E1 9.733001E0
7.047400E1 9.718446E0
7.050800E1 9.376002E0
7.054100E1 8.870933E0
7.057400E1 7.852965E0
7.060800E1 6.893056E0
7.064100E1 5.202048E0
7.067400E1 3.684849E0
7.070800E1 2.026360E0
7.074100E1 9.900275E-2
7.077400E1 -1.800267E0
7.080800E1 -3.523538E0
7.084100E1 -5.036020E0
7.087400E1 -6.476855E0
7.090700E1 -7.704020E0
7.094100E1 -8.568985E0
7.097400E1 -9.292517E0
7.100700E1 -9.472424E0
7.104100E1 -9.459378E0
7.107400E1 -8.945964E0
7.110700E1 -7.993578E0
7.114100E1 -7.213475E0
7.117400E1 -6.009522E0
7.120700E1 -4.836152E0
7.124000E1 -3.185428E0
7.127400E1 -1.266764E0
7.130700E1 4.979913E-1
7.134000E1 2.272916E0
7.137400E1 4.167908E0
7.140700E1 5.825882E0
7.144000E1 7.068507E0
7.147400E1 7.962779E0
7.150700E1 9.201664E0
7.154000E1 9.466171E0
7.157400E1 9.558511E0
7.160700E1 9.497704E0
7.164000E1 8.651418E0
7.167300E1 7.881047E0
7.170700E1 6.670361E0
7.174000E1 5.283364E0
7.177300E1 3.684737E0
7.180700E1 2.049594E0
7.184000E1 4.693272E-1
7.187300E1 -1.457017E0
7.190700E1 -3.180609E0
7.194000E1 -4.682178E0
7.197300E1 -6.446291E0
7.200700E1 -7.715736E0
7.204000E1 -8.737603E0
7.207300E1 -9.281730E0
7.210600E1 -9.260905E0
7.214000E1 -9.269444E0
7.217300E1 -8.741668E0
7.220600E1 -7.978551E0
7.224000E1 -7.093778E0
7.227300E1 -5.880959E0
7.230600E1 -4.386654E0
7.234000E1 -2.790727E0
7.237300E1 -9.877686E-1
7.240600E1 5.027027E-1
7.243900E1 2.415547E0
7.247300E1 4.044933E0
7.250600E1 5.522927E0
7.253900E1 6.925486E0
7.257300E1 7.882290E0
7.260600E1 8.792129E0
7.263900E1 8.991976E0
7.267300E1 9.114176E0
7.270600E1 8.915191E0
7.273900E1 8.581422E0
7.277300E1 7.697686E0
7.280600E1 6.677284E0
7.283900E1 5.061116E0
7.287200E1 3.658799E0
7.290600E1 1.812780E0
7.293900E1 1.383463E-1
7.297200E1 -1.616526E0
7.300600E1 -3.292445E0
7.303900E1 -4.715457E0
7.307200E1 -5.933086E0
7.310600E1 -7.482685E0
7.313900E1 -8.456269E0
7.317200E1 -9.042543E0
7.320500E1 -9.204136E0
7.323900E1 -9.208751E0
7.327200E1 -9.084715E0
7.330500E1 -8.371695E0
7.333900E1 -6.887252E0
7.337200E1 -5.787341E0
7.340500E1 -4.500551E0
7.343900E1 -2.720259E0
7.347200E1 -1.224532E0
7.350500E1 5.885630E-1
7.353900E1 2.417621E0
7.357200E1 4.092851E0
7.360500E1 5.551134E0
7.363800E1 7.109346E0
7.367200E1 7.990160E0
7.370500E1 8.807184E0
7.373800E1 9.181572E0
7.377200E1 9.202800E0
7.380500E1 9.031921E0
7.383800E1 8.690832E0
7.387200E1 7.738928E0
7.390500E1 6.718209E0
7.393800E1 4.984292E0
7.397200E1 3.576071E0
7.400500E1 1.727765E0
7.403800E1 1.261371E-1
7.407100E1 -1.530859E0
7.410500E1 -3.030518E0
7.413800E1 -4.651249E0
7.417100E1 -5.963087E0
7.420500E1 -7.216477E0
7.423800E1 -8.250767E0
7.427100E1 -9.201034E0
7.430500E1 -9.577541E0
7.433800E1 -9.588853E0
7.437100E1 -9.077626E0
7.440400E1 -8.339269E0
7.443800E1 -7.112195E0
7.447100E1 -5.696618E0
7.450400E1 -4.486675E0
7.453800E1 -2.741666E0
7.457100E1 -8.044618E-1
7.460400E1 7.799834E-1
7.463800E1 2.522896E0
7.467100E1 4.118618E0
7.470400E1 5.735586E0
7.473800E1 7.014261E0
7.477100E1 8.055167E0
7.480400E1 8.796589E0
7.483700E1 9.379603E0
7.487100E1 9.513463E0
7.490400E1 9.142125E0
7.493700E1 8.468747E0
7.497100E1 7.412743E0
7.500400E1 6.269443E0
7.503700E1 4.983974E0
7.507100E1 3.491758E0
7.510400E1 1.798573E0
7.513700E1 -2.800504E-2
7.517100E1 -1.627467E0
7.520400E1 -3.447878E0
7.523700E1 -4.996610E0
7.527000E1 -6.408032E0
7.530400E1 -7.606444E0
7.533700E1 -8.454556E0
7.537000E1 -8.765251E0
7.540400E1 -8.847451E0
7.543700E1 -8.815812E0
7.547000E1 -8.500949E0
7.550400E1 -7.723126E0
7.553700E1 -6.655832E0
7.557000E1 -5.611796E0
7.560300E1 -4.169863E0
7.563700E1 -2.566552E0
7.567000E1 -8.114544E-1
7.570300E1 8.342343E-1
7.573700E1 2.670556E0
7.577000E1 4.254669E0
7.580300E1 5.697221E0
7.583700E1 7.256124E0
7.587000E1 8.358204E0
7.590300E1 8.900028E0
7.593700E1 9.476317E0
7.597000E1 9.286116E0
7.600300E1 9.189947E0
7.603600E1 8.377471E0
7.607000E1 7.610544E0
7.610300E1 6.509227E0
7.613600E1 5.126803E0
7.617000E1 3.379094E0
7.620300E1 1.617867E0
7.623600E1 6.333711E-2
7.627000E1 -1.660284E0
7.630300E1 -3.165973E0
7.633600E1 -4.652990E0
7.637000E1 -6.125793E0
7.640300E1 -7.203588E0
7.643600E1 -8.307241E0
7.646900E1 -8.797437E0
7.650300E1 -8.978586E0
7.653600E1 -8.908971E0
7.656900E1 -8.290400E0
7.660300E1 -7.696990E0
7.663600E1 -6.934286E0
7.666900E1 -5.534837E0
7.670300E1 -3.908103E0
7.673600E1 -2.503784E0
7.676900E1 -6.954647E-1
7.680200E1 1.084140E0
7.683600E1 2.409384E0
7.686900E1 4.011464E0
7.690200E1 5.447848E0
7.693600E1 6.930956E0
7.696900E1 7.968385E0
7.700200E1 8.845528E0
7.703600E1 9.222182E0
7.706900E1 9.236000E0
7.710200E1 8.855768E0
7.713600E1 8.146690E0
7.716900E1 7.176730E0
7.720200E1 5.773788E0
7.723500E1 4.463728E0
7.726900E1 3.029966E0
7.730200E1 1.649765E0
7.733500E1 -9.498584E-2
7.736900E1 -1.897711E0
7.740200E1 -3.437408E0
7.743500E1 -4.784173E0
7.746900E1 -6.173447E0
7.750200E1 -7.416085E0
7.753500E1 -8.321764E0
7.756900E1 -8.834323E0
7.760200E1 -9.108584E0
7.763500E1 -8.890570E0
7.766800E1 -8.419184E0
7.770200E1 -7.724230E0
7.773500E1 -6.771465E0
7.776800E1 -5.510258E0
7.780200E1 -3.926555E0
7.783500E1 -2.476587E0
7.786800E1 -6.585798E-1
7.790200E1 8.645734E-1
7.793500E1 2.541766E0
7.796800E1 4.263170E0
7.800100E1 5.696079E0
7.803500E1 6.881039E0
7.806800E1 7.901024E0
7.810100E1 8.553683E0
7.813500E1 8.897288E0
7.816800E1 8.908016E0
7.820100E1 8.719589E0
7.823500E1 7.975585E0
7.826800E1 7.143597E0
7.830100E1 6.057077E0
7.833500E1 4.709737E0
7.836800E1 3.056891E0
7.840100E1 1.296287E0
7.843400E1 -2.883913E-2
7.846800E1 -1.934339E0
7.850100E1 -3.501236E0
7.853400E1 -5.077732E0
7.856800E1 -6.458630E0
7.860100E1 -7.467578E0
7.863400E1 -8.404728E0
7.866800E1 -8.876655E0
7.870100E1 -9.057242E0
7.873400E1 -8.899866E0
7.876800E1 -8.226996E0
7.880100E1 -7.462007E0
7.883400E1 -6.591111E0
7.886700E1 -5.279483E0
7.890100E1 -3.868491E0
7.893400E1 -2.133203E0
7.896700E1 -7.102256E-1
7.900100E1 9.766520E-1
7.903400E1 2.619888E0
7.906700E1 4.305566E0
7.910100E1 5.722227E0
7.913400E1 6.750249E0
7.916700E1 7.820037E0
7.920000E1 8.513012E0
7.923400E1 8.749344E0
7.926700E1 8.753719E0
7.930000E1 8.386920E0
7.933400E1 7.704077E0
7.936700E1 6.886322E0
7.940000E1 5.802860E0
7.943400E1 4.363980E0
7.946700E1 2.945148E0
7.950000E1 1.347665E0
7.953400E1 -2.382369E-1
7.956700E1 -1.939735E0
7.960000E1 -3.563335E0
7.963300E1 -4.957609E0
7.966700E1 -6.010341E0
7.970000E1 -7.032538E0
7.973300E1 -7.851201E0
7.976700E1 -8.216918E0
7.980000E1 -8.298954E0
7.983300E1 -8.381776E0
7.986700E1 -7.816718E0
7.990000E1 -7.518742E0
7.993300E1 -6.526910E0
7.996700E1 -5.179069E0
8.000000E1 -3.526790E0
8.003300E1 -2.360017E0
8.006600E1 -4.703765E-1
8.010000E1 1.096584E0
8.013300E1 2.745632E0
8.016600E1 4.146083E0
8.020000E1 5.383217E0
8.023300E1 6.591607E0
8.026600E1 7.523797E0
8.030000E1 8.127675E0
8.033300E1 8.808007E0
8.036600E1 8.817968E0
8.039900E1 8.312643E0
8.043300E1 7.567778E0
8.046600E1 6.946648E0
8.049900E1 5.936686E0
8.053300E1 4.564889E0
8.056600E1 2.938326E0
8.059900E1 1.373890E0
8.063300E1 -2.394142E-1
8.066600E1 -1.813166E0
8.069900E1 -3.382509E0
8.073300E1 -4.621154E0
8.076600E1 -6.056708E0
8.079900E1 -7.131903E0
8.083200E1 -7.982692E0
8.086600E1 -8.454055E0
8.089900E1 -8.416290E0
8.093200E1 -8.253048E0
8.096600E1 -8.077910E0
8.099900E1 -7.426105E0
8.103200E1 -6.487547E0
8.106600E1 -5.218912E0
8.109900E1 -3.639475E0
8.113200E1 -2.231126E0
8.116600E1 -4.649485E-1
8.119900E1 1.133270E0
8.123200E1 2.565539E0
8.126500E1 4.029001E0
8.129900E1 5.542246E0
8.133200E1 6.754926E0
8.136500E1 7.488296E0
8.139900E1 8.160263E0
8.143200E1 8.369378E0
8.146500E1 8.342813E0
8.149900E1 8.238744E0
8.153200E1 7.398425E0
8.156500E1 6.500888E0
8.159800E1 5.505220E0
8.163200E1 4.300417E0
8.166500E1 2.684841E0
8.169800E1 1.134000E0
8.173200E1 -4.942235E-1
8.176500E1 -1.962369E0
8.179800E1 -3.534310E0
8.183200E1 -4.789528E0
8.186500E1 -5.733106E0
8.189800E1 -6.927277E0
8.193200E1 -7.715743E0
8.196500E1 -8.018972E0
8.199800E1 -7.982057E0
8.203100E1 -7.921614E0
8.206500E1 -8.131524E0
8.209800E1 -7.431450E0
8.213100E1 -6.078998E0
8.216500E1 -4.938224E0
8.219800E1 -3.747212E0
8.223100E1 -2.126226E0
8.226500E1 -5.740111E-1
8.229800E1 1.048593E0
8.233100E1 2.549219E0
8.236400E1 4.279956E0
8.239800E1 5.569122E0
8.243100E1 6.342199E0
8.246400E1 7.412047E0
8.249800E1 7.930607E0
8.253100E1 8.309342E0
8.256400E1 8.347947E0
8.259800E1 8.096811E0
8.263100E1 7.228985E0
8.266400E1 6.341497E0
8.269800E1 5.331760E0
8.273100E1 4.113280E0
8.276400E1 2.617560E0
8.279700E1 1.125159E0
8.283100E1 -5.494034E-1
8.286400E1 -2.128054E0
8.289700E1 -3.640248E0
8.293100E1 -5.138722E0
8.296400E1 -6.334489E0
8.299700E1 -7.234557E0
8.303100E1 -7.947139E0
8.306400E1 -8.215973E0
8.309700E1 -8.335711E0
8.313100E1 -8.034208E0
8.316400E1 -7.679540E0
8.319700E1 -7.069012E0
8.323000E1 -6.082001E0
8.326400E1 -4.891594E0
8.329700E1 -3.352038E0
8.333000E1 -2.113559E0
8.336400E1 -4.977794E-1
8.339700E1 1.115437E0
8.343000E1 2.585988E0
8.346400E1 3.973962E0
8.349700E1 5.222909E0
8.353000E1 6.341384E0
8.356300E1 7.244524E0
8.359700E1 7.968448E0
8.363000E1 8.044771E0
8.366300E1 8.007457E0
8.369700E1 7.844506E0
8.373000E1 7.111361E0
8.376300E1 6.560529E0
8.379700E1 5.485698E0
8.383000E1 4.124099E0
8.386300E1 2.871043E0
8.389700E1 9.444701E-1
8.393000E1 -4.098159E-1
8.396300E1 -1.974849E0
8.399600E1 -3.529318E0
8.403000E1 -4.922957E0
8.406300E1 -5.998902E0
8.409600E1 -6.763893E0
8.413000E1 -7.570433E0
8.416300E1 -8.306184E0
8.419600E1 -8.083810E0
8.423000E1 -8.099452E0
8.426300E1 -7.629265E0
8.429600E1 -7.137016E0
8.433000E1 -5.996695E0
8.436300E1 -4.757444E0
8.439600E1 -3.559561E0
8.442900E1 -1.949972E0
8.446300E1 -1.300708E-1
8.449600E1 1.457522E0
8.452900E1 2.707314E0
8.456300E1 4.271196E0
8.459600E1 5.582728E0
8.462900E1 6.765662E0
8.466300E1 7.639097E0
8.469600E1 8.280413E0
8.472900E1 8.342593E0
8.476200E1 8.325729E0
8.479600E1 8.095019E0
8.482900E1 7.344729E0
8.486200E1 6.475329E0
8.489600E1 5.138731E0
8.492900E1 3.932609E0
8.496200E1 2.525707E0
8.499600E1 1.038904E0
8.502900E1 -5.435925E-1
8.506200E1 -2.206736E0
8.509600E1 -3.631079E0
8.512900E1 -4.617914E0
8.516200E1 -5.796478E0
8.519500E1 -7.156939E0
8.522900E1 -7.769127E0
8.526200E1 -7.969042E0
8.529500E1 -8.093065E0
8.532900E1 -8.007459E0
8.536200E1 -7.695449E0
8.539500E1 -6.559783E0
8.542900E1 -5.489751E0
8.546200E1 -4.391376E0
8.549500E1 -3.025197E0
8.552900E1 -1.706626E0
8.556200E1 -3.479194E-1
8.559500E1 1.284975E0
8.562800E1 2.777284E0
8.566200E1 4.366971E0
8.569500E1 5.455668E0
8.572800E1 6.547627E0
8.576200E1 7.432099E0
8.579500E1 8.121012E0
8.582800E1 8.442474E0
8.586200E1 8.409541E0
8.589500E1 8.051978E0
8.592800E1 7.203516E0
8.596100E1 6.298771E0
8.599500E1 5.139258E0
8.602800E1 3.895748E0
8.606100E1 2.339866E0
8.609500E1 9.545174E-1
8.612800E1 -6.060518E-1
8.616100E1 -2.114739E0
8.619500E1 -3.437270E0
8.622800E1 -4.888991E0
8.626100E1 -6.218486E0
8.629500E1 -6.940707E0
8.632800E1 -7.672847E0
8.636100E1 -8.200388E0
8.639400E1 -8.263020E0
8.642800E1 -8.034909E0
8.646100E1 -7.451603E0
8.649400E1 -6.734413E0
8.652800E1 -5.642245E0
8.656100E1 -4.317230E0
8.659400E1 -3.095333E0
8.662800E1 -1.666825E0
8.666100E1 -1.290628E-1
8.669400E1 1.369577E0
8.672800E1 2.934031E0
8.676100E1 4.443129E0
8.679400E1 5.678609E0
8.682700E1 6.596260E0
8.686100E1 7.329664E0
8.689400E1 7.866799E0
8.692700E1 8.104653E0
8.696100E1 8.112861E0
8.699400E1 7.699088E0
8.702700E1 7.153121E0
8.706100E1 6.076656E0
8.709400E1 5.075193E0
8.712700E1 3.734954E0
8.716000E1 2.304750E0
8.719400E1 7.319812E-1
8.722700E1 -6.298188E-1
8.726000E1 -2.144723E0
8.729400E1 -3.819457E0
8.732700E1 -5.047665E0
8.736000E1 -5.946909E0
8.739400E1 -6.852223E0
8.742700E1 -7.563034E0
8.746000E1 -7.915247E0
8.749400E1 -7.886704E0
8.752700E1 -7.738372E0
8.756000E1 -7.392529E0
8.759300E1 -6.671164E0
8.762700E1 -5.671273E0
8.766000E1 -4.349288E0
8.769300E1 -3.165403E0
8.772700E1 -1.529764E0
8.776000E1 -3.051372E-1
8.779300E1 1.390578E0
8.782700E1 3.126750E0
8.786000E1 4.380445E0
8.789300E1 5.742663E0
8.792700E1 6.518815E0
8.796000E1 7.398968E0
8.799300E1 7.786403E0
8.802600E1 7.923379E0
8.806000E1 7.952881E0
8.809300E1 7.674754E0
8.812600E1 7.108864E0
8.816000E1 5.984290E0
8.819300E1 4.752998E0
8.822600E1 3.647838E0
8.826000E1 2.113786E0
8.829300E1 5.078732E-1
8.832600E1 -1.195036E0
8.835900E1 -2.575873E0
8.839300E1 -3.824917E0
8.842600E1 -5.012931E0
8.845900E1 -6.206141E0
8.849300E1 -6.817478E0
8.852600E1 -7.508091E0
8.855900E1 -7.867339E0
8.859300E1 -7.907633E0
8.862600E1 -7.699728E0
8.865900E1 -7.172271E0
8.869300E1 -6.362560E0
8.872600E1 -5.380488E0
8.875900E1 -4.106571E0
8.879200E1 -2.839734E0
8.882600E1 -1.429244E0
8.885900E1 -1.117971E-2
8.889200E1 1.213527E0
8.892600E1 2.786487E0
8.895900E1 4.203644E0
8.899200E1 5.408260E0
8.902600E1 6.531802E0
8.905900E1 7.401969E0
8.909200E1 7.948988E0
8.912600E1 8.298397E0
8.915900E1 7.992588E0
8.919200E1 7.455724E0
8.922500E1 6.992064E0
8.925900E1 6.023612E0
8.929200E1 4.872894E0
8.932500E1 3.647851E0
8.935900E1 2.089604E0
8.939200E1 7.281183E-1
8.942500E1 -9.330856E-1
8.945900E1 -2.284788E0
8.949200E1 -3.603441E0
8.952500E1 -5.064883E0
8.955800E1 -6.248759E0
8.959200E1 -6.874679E0
8.962500E1 -7.772427E0
8.965800E1 -8.122387E0
8.969200E1 -8.156494E0
8.972500E1 -7.858858E0
8.975800E1 -7.167938E0
8.979200E1 -6.463892E0
8.982500E1 -5.325681E0
8.985800E1 -4.147325E0
8.989200E1 -2.803130E0
8.992500E1 -1.268150E0
8.995800E1 1.439469E-1
8.999100E1 1.468710E0
9.002500E1 2.946782E0
9.005800E1 4.447603E0
9.009100E1 5.822868E0
9.012500E1 6.805824E0
9.015800E1 7.486519E0
9.019100E1 7.600345E0
9.022500E1 7.670381E0
9.025800E1 7.851172E0
9.029100E1 7.471713E0
9.032500E1 6.769945E0
9.035800E1 5.861576E0
9.039100E1 4.819924E0
9.042400E1 3.415514E0
9.045800E1 1.861974E0
9.049100E1 5.978174E-1
9.052400E1 -9.925936E-1
9.055800E1 -2.492072E0
9.059100E1 -3.876382E0
9.062400E1 -5.043401E0
9.065800E1 -6.047824E0
9.069100E1 -6.797764E0
9.072400E1 -7.289180E0
9.075700E1 -7.696338E0
9.079100E1 -7.735534E0
9.082400E1 -7.522713E0
9.085700E1 -6.772402E0
9.089100E1 -6.146153E0
9.092400E1 -5.195359E0
9.095700E1 -3.900079E0
9.099100E1 -2.758782E0
9.102400E1 -1.368618E0
9.105700E1 -4.310020E-2
9.109100E1 1.342364E0
9.112400E1 3.001655E0
9.115700E1 4.147455E0
9.119000E1 5.337686E0
9.122400E1 6.240025E0
9.125700E1 6.779970E0
9.129000E1 7.309349E0
9.132400E1 7.517370E0
9.135700E1 7.396604E0
9.139000E1 7.030516E0
9.142400E1 6.387344E0
9.145700E1 5.632150E0
9.149000E1 4.541554E0
9.152300E1 3.243979E0
9.155700E1 1.735781E0
9.159000E1 3.381408E-1
9.162300E1 -1.155655E0
9.165700E1 -2.314288E0
9.169000E1 -3.907287E0
9.172300E1 -5.113898E0
9.175700E1 -6.138764E0
9.179000E1 -6.839196E0
9.182300E1 -7.318623E0
9.185700E1 -7.755598E0
9.189000E1 -7.801394E0
9.192300E1 -7.343084E0
9.195600E1 -6.862683E0
9.199000E1 -5.942461E0
9.202300E1 -5.256855E0
9.205600E1 -3.775773E0
9.209000E1 -2.483267E0
9.212300E1 -1.079442E0
9.215600E1 3.028042E-1
9.219000E1 1.705776E0
9.222300E1 3.310327E0
9.225600E1 4.524583E0
9.229000E1 5.691556E0
9.232300E1 6.560211E0
9.235600E1 7.239136E0
9.238900E1 7.353695E0
9.242300E1 7.688669E0
9.245600E1 7.754470E0
9.248900E1 7.573549E0
9.252300E1 6.598057E0
9.255600E1 5.692342E0
9.258900E1 4.315584E0
9.262300E1 3.219777E0
9.265600E1 1.875019E0
9.268900E1 4.921598E-1
9.272200E1 -9.936157E-1
9.275600E1 -2.568767E0
9.278900E1 -3.929459E0
9.282200E1 -5.166239E0
9.285600E1 -5.989685E0
9.288900E1 -6.767640E0
9.292200E1 -7.156285E0
9.295600E1 -7.508273E0
9.298900E1 -7.508806E0
9.302200E1 -7.489102E0
9.305600E1 -6.738291E0
9.308900E1 -6.003490E0
9.312200E1 -5.196396E0
9.315500E1 -4.125374E0
9.318900E1 -2.618097E0
9.322200E1 -1.002306E0
9.325500E1 4.090206E-1
9.328900E1 1.525422E0
9.332200E1 2.885542E0
9.335500E1 4.352198E0
9.338900E1 5.435748E0
9.342200E1 6.465095E0
9.345500E1 6.951714E0
9.348900E1 7.552049E0
9.352200E1 7.477827E0
9.355500E1 7.466942E0
9.358800E1 7.079351E0
9.362200E1 6.388148E0
9.365500E1 5.557286E0
9.368800E1 4.570758E0
9.372200E1 3.486757E0
9.375500E1 1.923734E0
9.378800E1 4.724772E-1
9.382200E1 -8.052616E-1
9.385500E1 -2.330532E0
9.388800E1 -3.586619E0
9.392100E1 -4.575008E0
9.395500E1 -5.552174E0
9.398800E1 -6.427017E0
9.402100E1 -6.854912E0
9.405500E1 -7.534304E0
9.408800E1 -7.504911E0
9.412100E1 -7.297363E0
9.415500E1 -6.778610E0
9.418800E1 -5.815589E0
9.422100E1 -4.723931E0
9.425500E1 -3.695066E0
9.428800E1 -2.094516E0
9.432100E1 -1.115484E0
9.435400E1 3.334635E-1
9.438800E1 1.629471E0
9.442100E1 3.063247E0
9.445400E1 4.298096E0
9.448800E1 5.427243E0
9.452100E1 6.241686E0
9.455400E1 7.157418E0
9.458800E1 7.414120E0
9.462100E1 7.678494E0
9.465400E1 7.569498E0
9.468800E1 6.988366E0
9.472100E1 6.251494E0
9.475400E1 5.370041E0
9.478700E1 4.207053E0
9.482100E1 2.874599E0
9.485400E1 1.495833E0
9.488700E1 3.409312E-1
9.492100E1 -1.131058E0
9.495400E1 -2.405456E0
9.498700E1 -3.616511E0
9.502100E1 -4.767497E0
9.505400E1 -6.006561E0
9.508700E1 -6.382896E0
9.512000E1 -7.106166E0
9.515400E1 -7.644912E0
9.518700E1 -7.642318E0
9.522000E1 -7.445328E0
9.525400E1 -6.829929E0
9.528700E1 -6.089847E0
9.532000E1 -5.031082E0
9.535400E1 -3.543603E0
9.538700E1 -2.259038E0
9.542000E1 -6.601801E-1
9.545400E1 6.823875E-1
9.548700E1 2.053659E0
9.552000E1 3.500854E0
9.555300E1 4.619592E0
9.558700E1 5.541924E0
9.562000E1 6.595149E0
9.565300E1 7.118308E0
9.568700E1 7.409552E0
9.572000E1 7.584764E0
9.575300E1 7.196480E0
9.578700E1 6.735753E0
9.582000E1 6.391726E0
9.585300E1 5.290497E0
9.588700E1 4.403205E0
9.592000E1 2.903381E0
9.595300E1 1.500779E0
9.598600E1 3.532076E-2
9.602000E1 -1.496541E0
9.605300E1 -2.924928E0
9.608600E1 -4.149285E0
9.612000E1 -5.364474E0
9.615300E1 -6.341620E0
9.618600E1 -7.123862E0
9.622000E1 -7.641009E0
9.625300E1 -8.003364E0
9.628600E1 -7.953436E0
9.631900E1 -7.539725E0
9.635300E1 -7.019887E0
9.638600E1 -6.149604E0
9.641900E1 -4.981525E0
9.645300E1 -3.709823E0
9.648600E1 -9.573162E-1
9.655300E1 3.786844E-1
9.658600E1 1.947678E0
9.661900E1 3.239440E0
9.665300E1 4.416392E0
9.668600E1 5.758725E0
9.671900E1 6.806728E0
9.675200E1 7.234201E0
9.678600E1 7.385857E0
9.681900E1 7.221583E0
9.685200E1 7.152606E0
9.688600E1 6.742128E0
9.691900E1 5.883740E0
9.695200E1 5.157838E0
9.698600E1 4.249096E0
9.701900E1 2.689642E0
9.705200E1 1.813893E0
9.708600E1 2.141107E-1
9.711900E1 -1.309184E0
9.715200E1 -2.781189E0
9.718500E1 -3.993887E0
9.721900E1 -4.789633E0
9.725200E1 -5.854885E0
9.728500E1 -6.416759E0
9.731900E1 -6.596590E0
9.735200E1 -7.193818E0
9.738500E1 -7.191776E0
9.741900E1 -6.879195E0
9.745200E1 -6.472706E0
9.748500E1 -5.668677E0
9.751800E1 -4.327725E0
9.755200E1 -3.029065E0
9.758500E1 -2.064644E0
9.761800E1 -6.243334E-1
9.765200E1 4.127982E-1
9.768500E1 1.954243E0
9.771800E1 3.134817E0
9.775200E1 4.166552E0
9.778500E1 5.150539E0
9.781800E1 6.096899E0
9.785200E1 6.728766E0
9.788500E1 7.024047E0
9.791800E1 7.098136E0
9.795100E1 6.827826E0
9.798500E1 6.123942E0
9.801800E1 5.458442E0
9.805100E1 4.460239E0
9.808500E1 3.556488E0
9.811800E1 2.342111E0
9.815100E1 1.221945E0
9.818500E1 -2.696448E-1
9.821800E1 -1.624288E0
9.825100E1 -2.931463E0
9.828500E1 -4.140147E0
9.831800E1 -5.211050E0
9.835100E1 -6.082899E0
9.838400E1 -6.509905E0
9.841800E1 -6.811591E0
9.845100E1 -7.307594E0
9.848400E1 -7.162400E0
9.851800E1 -6.704666E0
9.855100E1 -6.402360E0
9.858400E1 -5.593024E0
9.861800E1 -4.692254E0
9.865100E1 -3.455893E0
9.868400E1 -2.206937E0
9.871700E1 -8.156828E-1
9.875100E1 6.469242E-1
9.878400E1 1.833908E0
9.881700E1 2.996302E0
9.885100E1 4.203299E0
9.888400E1 5.260317E0
9.891700E1 6.337429E0
9.895100E1 6.860429E0
9.898400E1 7.127764E0
9.901700E1 7.128435E0
9.905100E1 7.176409E0
9.908400E1 6.667617E0
9.911700E1 6.010621E0
9.915000E1 5.079731E0
9.918400E1 3.870959E0
9.921700E1 2.600123E0
9.925000E1 1.236821E0
9.928400E1 1.350730E-2
9.931700E1 -1.676268E0
9.935000E1 -2.930371E0
9.938400E1 -4.236413E0
9.941700E1 -5.142538E0
9.945000E1 -6.050480E0
9.948400E1 -6.745369E0
9.951700E1 -7.073299E0
9.955000E1 -7.253123E0
9.958300E1 -7.120369E0
9.961700E1 -6.520160E0
9.965000E1 -5.951229E0
9.968300E1 -5.283770E0
9.971700E1 -4.228835E0
9.975000E1 -2.850262E0
9.978300E1 -1.545107E0
9.981700E1 -5.864164E-1
9.985000E1 6.858144E-1
9.988300E1 2.230237E0
9.991600E1 3.690086E0
9.995000E1 4.364128E0
9.998300E1 5.261052E0
1.000160E2 6.190943E0
1.000500E2 6.936930E0
1.000830E2 6.964058E0
1.001160E2 6.938068E0
1.001500E2 6.715165E0
1.001830E2 6.559824E0
1.002160E2 5.971368E0
1.002500E2 4.932273E0
1.002830E2 3.905146E0
1.003160E2 2.665397E0
1.003490E2 1.368296E0
1.003830E2 -1.547777E-3
1.004160E2 -1.171589E0
1.004490E2 -2.597915E0
1.004830E2 -4.006227E0
1.005160E2 -5.085688E0
1.005490E2 -6.115618E0
1.005830E2 -6.845608E0
1.006160E2 -6.794268E0
1.006490E2 -7.051092E0
1.006820E2 -6.970392E0
1.007160E2 -6.448532E0
1.007490E2 -5.829126E0
1.007820E2 -5.271101E0
1.008160E2 -4.065163E0
1.008490E2 -2.915066E0
1.008820E2 -1.948136E0
1.009160E2 -5.518536E-1
1.009490E2 7.961805E-1
1.009820E2 1.852426E0
1.010160E2 3.037586E0
1.010490E2 4.137101E0
1.010820E2 5.168888E0
1.011150E2 5.908311E0
1.011490E2 6.494386E0
1.011820E2 6.632563E0
1.012150E2 6.687403E0
1.012490E2 6.362943E0
1.012820E2 6.050950E0
1.013150E2 5.169817E0
1.013490E2 4.284721E0
1.013820E2 3.208961E0
1.014150E2 1.982407E0
1.014490E2 8.391978E-1
1.014820E2 -4.022724E-1
1.015150E2 -1.743493E0
1.015480E2 -3.111105E0
1.015820E2 -4.258421E0
1.016150E2 -5.319365E0
1.016480E2 -6.167222E0
1.016820E2 -6.820146E0
1.017150E2 -7.273481E0
1.017480E2 -7.448352E0
1.017820E2 -7.271689E0
1.018150E2 -6.904192E0
1.018480E2 -6.315986E0
1.018810E2 -5.215519E0
1.019150E2 -4.153826E0
1.019480E2 -2.769006E0
1.019810E2 -1.645558E0
1.020150E2 -4.602775E-1
1.020480E2 1.028356E0
1.020810E2 2.423789E0
1.021150E2 3.356835E0
1.021480E2 4.491789E0
1.021810E2 5.221204E0
1.022150E2 5.973394E0
1.022480E2 6.702290E0
1.022810E2 6.870068E0
1.023140E2 6.895644E0
1.023480E2 6.563528E0
1.023810E2 6.565186E0
1.024140E2 5.549076E0
1.024480E2 4.435183E0
1.024810E2 3.390868E0
1.025140E2 2.365849E0
1.025480E2 8.001976E-1
1.025810E2 -5.942647E-1
1.026140E2 -1.752481E0
1.026480E2 -2.660301E0
1.026810E2 -3.958320E0
1.027140E2 -4.992795E0
1.027470E2 -5.866745E0
1.027810E2 -6.398786E0
1.028140E2 -6.849277E0
1.028470E2 -6.841081E0
1.028810E2 -6.667261E0
1.029140E2 -6.545127E0
1.029470E2 -5.581441E0
1.029810E2 -4.793989E0
1.030140E2 -3.952134E0
1.030470E2 -3.006639E0
1.030800E2 -1.700314E0
1.031140E2 -2.974920E-1
1.031470E2 1.040271E0
1.031800E2 2.263918E0
1.032140E2 3.486349E0
1.032470E2 4.380216E0
1.032800E2 5.285549E0
1.033140E2 6.091542E0
1.033470E2 6.606444E0
1.033800E2 6.939844E0
1.034140E2 6.935700E0
1.034470E2 6.747879E0
1.034800E2 6.244238E0
1.035130E2 5.651751E0
1.035470E2 4.538255E0
1.035800E2 3.518744E0
1.036130E2 2.207647E0
1.036470E2 1.092041E0
1.036800E2 -5.746585E-1
1.037130E2 -1.811370E0
1.037470E2 -2.947601E0
1.037800E2 -3.883340E0
1.038130E2 -4.931761E0
1.038470E2 -5.459060E0
1.038800E2 -6.309813E0
1.039130E2 -6.796026E0
1.039460E2 -6.768092E0
1.039800E2 -6.683415E0
1.040130E2 -6.058145E0
1.040460E2 -5.488855E0
1.040800E2 -4.772259E0
1.041130E2 -3.675640E0
1.041460E2 -2.328096E0
1.041800E2 -1.076612E0
1.042130E2 8.654798E-3
1.042460E2 1.044758E0
1.042790E2 2.266915E0
1.043130E2 3.588920E0
1.043460E2 4.585199E0
1.043790E2 5.617745E0
1.044130E2 6.458499E0
1.044460E2 6.977265E0
1.044790E2 7.064073E0
1.045130E2 7.076102E0
1.045460E2 6.748700E0
1.045790E2 6.210816E0
1.046130E2 5.512894E0
1.046460E2 4.437818E0
1.046790E2 3.455231E0
1.047120E2 2.285991E0
1.047460E2 9.605624E-1
1.047790E2 -4.638936E-1
1.048120E2 -1.537171E0
1.048460E2 -2.894635E0
1.048790E2 -3.979224E0
1.049120E2 -4.976766E0
1.049460E2 -6.001218E0
1.049790E2 -6.536619E0
1.050120E2 -6.771685E0
1.050460E2 -6.893903E0
1.050790E2 -6.915695E0
1.051120E2 -6.361844E0
1.051450E2 -5.379740E0
1.051790E2 -4.686312E0
1.052120E2 -3.800022E0
1.052450E2 -2.663929E0
1.052790E2 -1.579738E0
1.053120E2 -3.590766E-1
1.053450E2 1.099808E0
1.053790E2 2.290277E0
1.054120E2 3.658083E0
1.054450E2 4.618386E0
1.054780E2 5.433521E0
1.055120E2 6.259541E0
1.055450E2 6.636597E0
1.055780E2 6.671174E0
1.056120E2 6.685874E0
1.056450E2 6.436578E0
1.056780E2 6.152869E0
1.057120E2 5.143515E0
1.057450E2 4.283944E0
1.057780E2 3.241189E0
1.058120E2 1.752121E0
1.058450E2 4.935480E-1
1.058780E2 -6.510848E-1
1.059110E2 -1.957000E0
1.059450E2 -3.123340E0
1.059780E2 -4.216911E0
1.060110E2 -5.193777E0
1.060450E2 -5.973210E0
1.060780E2 -6.319884E0
1.061110E2 -6.636265E0
1.061450E2 -6.678756E0
1.061780E2 -6.703903E0
1.062110E2 -6.059907E0
1.062450E2 -5.672310E0
1.062780E2 -4.624349E0
1.063110E2 -3.534965E0
1.063440E2 -2.631927E0
1.063780E2 -1.220174E0
1.064110E2 -9.839038E-3
1.064440E2 1.376887E0
1.064780E2 2.688367E0
1.065110E2 3.649066E0
1.065440E2 4.378627E0
1.065780E2 5.130288E0
1.066110E2 5.765577E0
1.066440E2 6.085667E0
1.066770E2 6.304255E0
1.067110E2 6.216454E0
1.067440E2 5.870553E0
1.067770E2 5.349654E0
1.068110E2 4.639006E0
1.068440E2 3.745223E0
1.068770E2 2.649769E0
1.069110E2 1.891852E0
1.069440E2 4.956619E-1
1.069770E2 -7.470316E-1
1.070110E2 -1.958558E0
1.070440E2 -3.235324E0
1.070770E2 -4.373058E0
1.071100E2 -5.193053E0
1.071440E2 -5.929293E0
1.071770E2 -6.513756E0
1.072100E2 -6.733447E0
1.072440E2 -6.737693E0
1.072770E2 -6.638192E0
1.073100E2 -5.863050E0
1.073440E2 -5.228450E0
1.073770E2 -4.344683E0
1.074100E2 -3.575317E0
1.074440E2 -2.547428E0
1.074770E2 -1.154857E0
1.075100E2 4.356094E-2
1.075430E2 1.356655E0
1.075770E2 2.634783E0
1.076100E2 3.656775E0
1.076430E2 4.520541E0
1.076770E2 5.617343E0
1.077100E2 6.046859E0
1.077430E2 6.348077E0
1.077770E2 6.577155E0
1.078100E2 6.675986E0
1.078430E2 6.317050E0
1.078760E2 5.817384E0
1.079100E2 5.001000E0
1.079430E2 3.896905E0
1.079760E2 2.888607E0
1.080100E2 1.619707E0
1.080430E2 5.578432E-1
1.080760E2 -5.504030E-1
1.081100E2 -1.859828E0
1.081430E2 -3.185019E0
1.081760E2 -4.267445E0
1.082100E2 -5.210844E0
1.082430E2 -5.751448E0
1.082760E2 -6.412678E0
1.083090E2 -6.760350E0
1.083430E2 -6.767693E0
1.083760E2 -6.608692E0
1.084090E2 -5.967975E0
1.084430E2 -5.248374E0
1.084760E2 -4.524131E0
1.085090E2 -3.533466E0
1.085430E2 -1.974214E0
1.085760E2 -7.932617E-1
1.086090E2 3.110653E-1
1.086430E2 1.387931E0
1.086760E2 2.539086E0
1.087090E2 3.493480E0
1.087420E2 4.457301E0
1.087760E2 5.075325E0
1.088090E2 5.794723E0
1.088420E2 6.199028E0
1.088760E2 6.088396E0
1.089090E2 6.011008E0
1.089420E2 5.728601E0
1.089760E2 5.267850E0
1.090090E2 4.449123E0
1.090420E2 3.675437E0
1.090750E2 2.462121E0
1.091090E2 1.577363E0
1.091420E2 2.337995E-1
1.091750E2 -8.261054E-1
1.092090E2 -2.140998E0
1.092420E2 -3.199440E0
1.092750E2 -4.015437E0
1.093090E2 -4.690915E0
1.093420E2 -5.636678E0
1.093750E2 -5.902272E0
1.094090E2 -6.678728E0
1.094420E2 -6.649178E0
1.094750E2 -6.399938E0
1.095080E2 -5.958617E0
1.095420E2 -5.206500E0
1.095750E2 -4.291182E0
1.096080E2 -3.379423E0
1.096420E2 -2.161239E0
1.096750E2 -8.443463E-1
1.097080E2 4.093132E-1
1.097420E2 1.475196E0
1.097750E2 2.744629E0
1.098080E2 3.612954E0
1.098410E2 4.595073E0
1.098750E2 5.320408E0
1.099080E2 5.867978E0
1.099410E2 6.342471E0
1.099750E2 6.629360E0
1.100080E2 6.440747E0
1.100410E2 6.078645E0
1.100750E2 5.708846E0
1.101080E2 4.798330E0
1.101410E2 4.032516E0
1.101750E2 2.866570E0
1.102080E2 1.653991E0
1.102410E2 4.136740E-1
1.102740E2 -1.003571E0
1.103080E2 -2.151826E0
1.103410E2 -3.224970E0
1.103740E2 -4.248261E0
1.104080E2 -5.335932E0
1.104410E2 -5.650455E0
1.104740E2 -6.077740E0
1.105080E2 -6.354342E0
1.105410E2 -6.333402E0
1.105740E2 -6.308497E0
1.106080E2 -5.518182E0
1.106410E2 -5.087766E0
1.106740E2 -4.197249E0
1.107070E2 -3.045136E0
1.107410E2 -1.842674E0
1.107740E2 -7.482320E-1
1.108070E2 4.819715E-1
1.108410E2 1.581596E0
1.108740E2 2.446644E0
1.109070E2 3.536766E0
1.109410E2 4.525190E0
1.109740E2 5.377084E0
1.110070E2 6.197465E0
1.110400E2 6.549057E0
1.110740E2 6.553495E0
1.111070E2 6.486710E0
1.111400E2 6.124066E0
1.111740E2 5.599060E0
1.112070E2 4.701176E0
1.112400E2 3.641278E0
1.112740E2 2.924330E0
1.113070E2 1.739515E0
1.113400E2 5.083591E-1
1.113740E2 -7.457989E-1
1.114070E2 -1.760822E0
1.114400E2 -2.841510E0
1.114730E2 -3.923682E0
1.115070E2 -4.617398E0
1.115400E2 -5.356118E0
1.115730E2 -6.072467E0
1.116070E2 -6.297859E0
1.116400E2 -6.271418E0
1.116730E2 -5.971399E0
1.117070E2 -5.308804E0
1.117400E2 -4.847409E0
1.117730E2 -4.091201E0
1.118070E2 -3.109556E0
1.118400E2 -1.823420E0
1.118730E2 -5.360444E-1
1.119060E2 4.914918E-1
1.119400E2 1.619647E0
1.119730E2 2.722204E0
1.120060E2 3.820774E0
1.120400E2 4.626606E0
1.120730E2 5.324389E0
1.121060E2 5.865424E0
1.121400E2 6.145909E0
1.121730E2 6.187300E0
1.122060E2 6.223952E0
1.122390E2 5.855612E0
1.122730E2 5.247564E0
1.123060E2 4.548208E0
1.123390E2 3.832445E0
1.123730E2 2.458295E0
1.124060E2 1.381807E0
1.124390E2 6.536565E-2
1.124730E2 -1.176448E0
1.125060E2 -2.211863E0
1.125390E2 -3.003922E0
1.125730E2 -4.230056E0
1.126060E2 -4.852300E0
1.126390E2 -5.446088E0
1.126720E2 -5.849228E0
1.127060E2 -6.034469E0
1.127390E2 -6.037213E0
1.127720E2 -5.711095E0
1.128060E2 -5.112484E0
1.128390E2 -4.706913E0
1.128720E2 -3.811897E0
1.129060E2 -2.670218E0
1.129390E2 -1.806377E0
1.129720E2 -6.101006E-1
1.130060E2 4.250223E-1
1.130390E2 1.696398E0
1.130720E2 2.641766E0
1.131050E2 3.817890E0
1.131390E2 4.562960E0
1.131720E2 5.300166E0
1.132050E2 5.765849E0
1.132390E2 6.250768E0
1.132720E2 6.296707E0
1.133050E2 6.064767E0
1.133390E2 5.720718E0
1.133720E2 5.248482E0
1.134050E2 4.625604E0
1.134380E2 3.403195E0
1.134720E2 2.518128E0
1.135050E2 1.245566E0
1.135380E2 4.191748E-2
1.135720E2 -1.360251E0
1.136050E2 -2.234940E0
1.136380E2 -3.310996E0
1.136720E2 -3.899706E0
1.137050E2 -4.975505E0
1.137380E2 -5.787562E0
1.137720E2 -6.231426E0
1.138050E2 -6.300756E0
1.138380E2 -6.293793E0
1.138710E2 -6.181477E0
1.139050E2 -5.672522E0
1.139380E2 -4.631927E0
1.139710E2 -3.935005E0
1.140050E2 -2.923127E0
1.140380E2 -1.735881E0
1.140710E2 -5.034463E-1
1.141050E2 8.104743E-1
1.141380E2 1.896932E0
1.141710E2 2.980248E0
1.142050E2 4.083091E0
1.142380E2 4.989931E0
1.142710E2 5.603866E0
1.143040E2 6.215818E0
1.143380E2 6.116740E0
1.143710E2 6.093012E0
1.144040E2 5.898456E0
1.144380E2 5.510796E0
1.144710E2 4.936163E0
1.145040E2 4.130042E0
1.145380E2 3.341373E0
1.145710E2 2.416419E0
1.146040E2 1.398047E0
1.146370E2 2.402962E-1
1.146710E2 -9.170473E-1
1.147040E2 -2.054999E0
1.147370E2 -3.301520E0
1.147710E2 -4.212707E0
1.148040E2 -4.907867E0
1.148370E2 -5.687266E0
1.148710E2 -5.759650E0
1.149040E2 -5.947867E0
1.149370E2 -6.062538E0
1.149710E2 -5.720131E0
1.150040E2 -5.364383E0
1.150370E2 -4.783302E0
1.150700E2 -3.687230E0
1.151040E2 -2.695278E0
1.151370E2 -1.687839E0
1.151700E2 -6.472892E-1
1.152040E2 5.152603E-1
1.152370E2 1.804226E0
1.152700E2 2.706629E0
1.153040E2 4.017594E0
1.153370E2 5.042343E0
1.153700E2 5.632103E0
1.154040E2 5.730943E0
1.154370E2 5.918272E0
1.154700E2 5.908964E0
1.155030E2 5.822547E0
1.155370E2 5.298992E0
1.155700E2 4.543041E0
1.156030E2 3.850715E0
1.156370E2 2.905804E0
1.156700E2 1.904875E0
1.157030E2 8.817311E-1
1.157370E2 -2.046914E-1
1.157700E2 -1.001469E0
1.158030E2 -2.491420E0
1.158360E2 -3.206312E0
1.158700E2 -4.527988E0
1.159030E2 -5.157059E0
1.159360E2 -5.731687E0
1.159700E2 -5.993786E0
1.160030E2 -6.169838E0
1.160360E2 -5.729533E0
1.160700E2 -5.795795E0
1.161030E2 -5.273459E0
1.161360E2 -4.629210E0
1.161700E2 -3.708454E0
1.162030E2 -2.495046E0
1.162360E2 -1.434812E0
1.162690E2 -3.785341E-1
1.163030E2 8.102898E-1
1.163360E2 2.065647E0
1.163690E2 3.224140E0
1.164030E2 4.134838E0
1.164360E2 5.083858E0
1.164690E2 5.775257E0
1.165030E2 6.230526E0
1.165360E2 6.448278E0
1.165690E2 6.432239E0
1.166030E2 6.126526E0
1.166360E2 5.503920E0
1.166690E2 4.983089E0
1.167020E2 4.085453E0
1.167360E2 2.888328E0
1.167690E2 2.102383E0
1.168020E2 9.306286E-1
1.168360E2 -3.012346E-1
1.168690E2 -1.273319E0
1.169020E2 -2.190788E0
1.169360E2 -3.495980E0
1.169690E2 -4.436877E0
1.170020E2 -5.028609E0
1.170350E2 -5.425686E0
1.170690E2 -5.996722E0
1.171020E2 -5.658862E0
1.171350E2 -5.592580E0
1.171690E2 -5.588013E0
1.172020E2 -4.830150E0
1.172350E2 -4.145472E0
1.172690E2 -3.454090E0
1.173020E2 -2.408055E0
1.173350E2 -1.296386E0
1.173690E2 -8.874801E-2
1.174020E2 1.083982E0
1.174350E2 2.230051E0
1.174680E2 3.461085E0
1.175020E2 4.150519E0
1.175350E2 5.124349E0
1.175680E2 5.787670E0
1.176020E2 6.013397E0
1.176350E2 6.235381E0
1.176680E2 6.253492E0
1.177020E2 6.051870E0
1.177350E2 5.763539E0
1.177680E2 4.847431E0
1.178020E2 4.306475E0
1.178350E2 3.058830E0
1.178680E2 2.109559E0
1.179010E2 7.978930E-1
1.179350E2 -5.601729E-1
1.179680E2 -1.766930E0
1.180010E2 -2.826450E0
1.180350E2 -3.705369E0
1.180680E2 -4.283043E0
1.181010E2 -5.123173E0
1.181350E2 -5.732788E0
1.181680E2 -6.093630E0
1.182010E2 -6.194266E0
1.182340E2 -6.192127E0
1.182680E2 -5.562702E0
1.183010E2 -4.997858E0
1.183340E2 -4.315669E0
1.183680E2 -3.368727E0
1.184010E2 -2.413923E0
1.184340E2 -1.106198E0
1.184680E2 -1.770464E-1
1.185010E2 1.015449E0
1.185340E2 2.139318E0
1.185680E2 3.112513E0
1.186010E2 4.058224E0
1.186340E2 5.150697E0
1.186670E2 5.789278E0
1.187010E2 5.976642E0
1.187340E2 5.992797E0
1.187670E2 5.981705E0
1.188010E2 5.770818E0
1.188340E2 5.350475E0
1.188670E2 4.527942E0
1.189010E2 3.720047E0
1.189340E2 2.904265E0
1.189670E2 2.045098E0
1.190000E2 1.003225E0
1.190340E2 -1.821112E-1
1.190670E2 -1.286964E0
1.191000E2 -2.408369E0
1.191340E2 -3.499630E0
1.191670E2 -4.138324E0
1.192000E2 -4.842354E0
1.192340E2 -5.580983E0
1.192670E2 -5.675223E0
1.193000E2 -5.787691E0
1.193340E2 -5.770299E0
1.193670E2 -5.623633E0
1.194000E2 -5.091703E0
1.194330E2 -4.444932E0
1.194670E2 -3.558668E0
1.195000E2 -2.509243E0
1.195330E2 -1.371060E0
1.195670E2 -3.732622E-1
1.196000E2 8.307945E-1
1.196330E2 1.751464E0
1.196670E2 2.759140E0
1.197000E2 3.607625E0
1.197330E2 4.349885E0
1.197670E2 5.081197E0
1.198000E2 5.596373E0
1.198330E2 5.621745E0
1.198660E2 5.570582E0
1.199000E2 5.291995E0
1.199330E2 4.785738E0
1.199660E2 4.332435E0
1.200000E2 3.464365E0
1.200330E2 2.655509E0
1.200660E2 1.747598E0
1.201000E2 8.481839E-1
1.201330E2 -5.499527E-1
1.201660E2 -1.624148E0
1.201990E2 -2.657231E0
1.202330E2 -3.579798E0
1.202660E2 -4.367267E0
1.202990E2 -5.068294E0
1.203330E2 -5.550816E0
1.203660E2 -5.936334E0
1.203990E2 -5.775525E0
1.204330E2 -5.570047E0
1.204660E2 -5.164938E0
1.204990E2 -4.967141E0
1.205330E2 -4.200562E0
1.205660E2 -3.036665E0
1.205990E2 -2.313726E0
1.206320E2 -1.427352E0
1.206660E2 4.566408E-2
1.206990E2 1.210211E0
1.207320E2 2.348661E0
1.207660E2 3.399216E0
1.207990E2 3.937238E0
1.208320E2 4.413572E0
1.208660E2 5.019878E0
1.208990E2 5.563989E0
1.209320E2 5.699677E0
1.209660E2 5.688766E0
1.209990E2 5.372601E0
1.210320E2 4.882377E0
1.210650E2 4.159388E0
1.210990E2 3.432601E0
1.211320E2 2.670136E0
1.211650E2 1.678525E0
1.211990E2 4.681661E-1
1.212320E2 -6.170050E-1
1.212650E2 -1.697963E0
1.212990E2 -2.786479E0
1.213320E2 -3.460311E0
1.213650E2 -4.345454E0
1.213980E2 -5.081974E0
1.214320E2 -5.497100E0
1.214650E2 -5.650864E0
1.214980E2 -5.640857E0
1.215320E2 -5.051442E0
1.215650E2 -4.930896E0
1.215980E2 -4.387490E0
1.216320E2 -3.863682E0
1.216650E2 -2.937379E0
1.216980E2 -2.144164E0
1.217320E2 -1.151912E0
1.217650E2 -2.862546E-1
1.217980E2 1.264270E0
1.218310E2 2.110461E0
1.218650E2 3.077521E0
1.218980E2 3.918702E0
1.219310E2 4.713852E0
1.219650E2 5.205140E0
1.219980E2 5.631274E0
1.220310E2 5.919281E0
1.220650E2 5.972558E0
1.220980E2 5.673868E0
1.221310E2 5.078453E0
1.221650E2 4.128488E0
1.221980E2 3.554254E0
1.222310E2 2.427903E0
1.222640E2 1.397542E0
1.222980E2 1.995793E-1
1.223310E2 -4.479350E-1
1.223640E2 -1.655474E0
1.223980E2 -2.762086E0
1.224310E2 -3.779227E0
1.224640E2 -4.606450E0
1.224980E2 -4.850239E0
1.225310E2 -5.583076E0
1.225640E2 -5.772624E0
1.225970E2 -5.778730E0
1.226310E2 -5.689101E0
1.226640E2 -4.982871E0
1.226970E2 -4.342490E0
1.227310E2 -3.723231E0
1.227640E2 -3.206672E0
1.227970E2 -2.248716E0
1.228310E2 -1.242810E0
1.228640E2 -6.665559E-2
1.228970E2 1.464242E0
1.229310E2 2.185070E0
1.229640E2 3.045914E0
1.229970E2 3.782519E0
1.230300E2 4.544279E0
1.230640E2 5.293739E0
1.230970E2 5.587848E0
1.231300E2 5.992070E0
1.231640E2 5.688008E0
1.231970E2 5.467848E0
1.232300E2 5.017423E0
1.232640E2 4.416626E0
1.232970E2 3.416574E0
1.233300E2 2.535071E0
1.233640E2 1.438450E0
1.233970E2 1.824310E-1
1.234300E2 -7.488839E-1
1.234630E2 -1.442425E0
1.234970E2 -2.429808E0
1.235300E2 -3.793036E0
1.235630E2 -4.759074E0
1.235970E2 -5.212473E0
1.236300E2 -5.539412E0
1.236630E2 -5.565995E0
1.236970E2 -5.600574E0
1.237300E2 -5.591965E0
1.237630E2 -5.176594E0
1.237960E2 -4.674264E0
1.238300E2 -3.966327E0
1.238630E2 -3.220291E0
1.238960E2 -1.899363E0
1.239300E2 -6.441040E-1
1.239630E2 2.580758E-1
1.239960E2 1.326396E0
1.240300E2 2.249785E0
1.240630E2 3.061808E0
1.240960E2 3.915276E0
1.241300E2 4.626176E0
1.241630E2 5.025907E0
1.241960E2 5.327070E0
1.242290E2 5.521251E0
1.242630E2 5.511154E0
1.242960E2 5.160445E0
1.243290E2 4.920744E0
1.243630E2 3.955814E0
1.243960E2 3.230391E0
1.244290E2 2.409222E0
1.244630E2 1.190651E0
1.244960E2 2.701716E-1
1.245290E2 -6.163704E-1
1.245630E2 -1.936991E0
1.245960E2 -2.931815E0
1.246290E2 -3.456472E0
1.246620E2 -4.349828E0
1.246960E2 -4.797361E0
1.247290E2 -5.457942E0
1.247620E2 -5.676738E0
1.247960E2 -5.634773E0