x y dx dy
0.000000E0 2.058280E1
3.331111E-2 2.086621E1
6.661111E-2 2.057945E1
9.992222E-2 1.930756E1
1.332222E-1 1.798400E1
1.665333E-1 1.601536E1
1.998333E-1 1.381690E1
2.331444E-1 1.110689E1
2.664444E-1 8.287001E0
2.997556E-1 5.182834E0
3.330556E-1 2.054570E0
3.663667E-1 -5.763717E-1
3.996667E-1 -4.012482E0
4.329778E-1 -6.882577E0
4.662778E-1 -9.613378E0
4.995889E-1 -1.209864E1
5.328889E-1 -1.431649E1
5.662000E-1 -1.616655E1
5.995000E-1 -1.766473E1
6.328111E-1 -1.848187E1
6.661111E-1 -1.868600E1
6.994222E-1 -1.878379E1
7.327222E-1 -1.823412E1
7.660333E-1 -1.696119E1
7.993333E-1 -1.544894E1
8.326444E-1 -1.342480E1
8.659444E-1 -1.098338E1
8.992556E-1 -8.240229E0
9.325556E-1 -5.232768E0
9.658667E-1 -2.050281E0
9.991667E-1 1.305013E0
1.032478E0 4.658548E0
1.065778E0 7.899887E0
1.099089E0 1.099222E1
1.132389E0 1.380093E1
1.165700E0 1.625841E1
1.199000E0 1.830205E1
1.232311E0 1.991066E1
1.265611E0 2.098248E1
1.298922E0 2.152157E1
1.332222E0 2.136916E1
1.365533E0 2.055333E1
1.398833E0 1.919289E1
1.432144E0 1.741763E1
1.465444E0 1.520162E1
1.498756E0 1.263891E1
1.532056E0 9.770249E0
1.565367E0 6.705601E0
1.598667E0 3.436287E0
1.631978E0 1.315486E-1
1.665278E0 -3.035973E0
1.698578E0 -6.238171E0
1.731889E0 -9.189324E0
1.765189E0 -1.187646E1
1.798500E0 -1.426473E1
1.831800E0 -1.624103E1
1.865111E0 -1.772532E1
1.898411E0 -1.886742E1
1.931722E0 -1.934976E1
1.965022E0 -1.932579E1
1.998333E0 -1.905033E1
2.031633E0 -1.823352E1
2.064944E0 -1.677801E1
2.098244E0 -1.470325E1
2.131556E0 -1.233971E1
2.164856E0 -9.711256E0
2.198167E0 -6.707078E0
2.231467E0 -3.544116E0
2.264778E0 -3.324309E-1
2.298078E0 3.028502E0
2.331389E0 6.232598E0
2.364689E0 9.118595E0
2.398000E0 1.180486E1
2.431300E0 1.421717E1
2.464611E0 1.634728E1
2.497911E0 1.802221E1
2.531222E0 1.907630E1
2.564522E0 1.946851E1
2.597833E0 1.934385E1
2.631133E0 1.888955E1
2.664444E0 1.803442E1
2.697744E0 1.657454E1
2.731056E0 1.462283E1
2.764356E0 1.235989E1
2.797667E0 9.802385E0
2.830967E0 6.980139E0
2.864278E0 3.978368E0
2.897578E0 9.042820E-1
2.930889E0 -2.174451E0
2.964189E0 -5.269502E0
2.997500E0 -8.149699E0
3.030800E0 -1.100415E1
3.064111E0 -1.352796E1
3.097411E0 -1.582899E1
3.130722E0 -1.768210E1
3.164022E0 -1.899082E1
3.197333E0 -1.996701E1
3.230633E0 -1.947419E1
3.263944E0 -1.909935E1
3.297244E0 -1.826966E1
3.330556E0 -1.716698E1
3.363856E0 -1.526495E1
3.397167E0 -1.284502E1
3.430467E0 -1.029862E1
3.463778E0 -7.470072E0
3.497078E0 -4.377704E0
3.530378E0 -1.159936E0
3.563689E0 2.122319E0
3.596989E0 5.340809E0
3.630300E0 8.267345E0
3.663600E0 1.105724E1
3.696911E0 1.347359E1
3.730211E0 1.542798E1
3.763522E0 1.694603E1
3.796822E0 1.850662E1
3.830133E0 1.922360E1
3.863433E0 1.965917E1
3.896744E0 1.927075E1
3.930044E0 1.833137E1
3.963356E0 1.707962E1
3.996656E0 1.539476E1
4.029967E0 1.341474E1
4.063267E0 1.087292E1
4.096578E0 8.014897E0
4.129878E0 5.088450E0
4.163189E0 2.007639E0
4.196489E0 -1.020013E0
4.229800E0 -4.139463E0
4.263100E0 -7.105274E0
4.296411E0 -9.793484E0
4.329711E0 -1.220688E1
4.363022E0 -1.436459E1
4.396322E0 -1.599971E1
4.429633E0 -1.761851E1
4.462933E0 -1.804390E1
4.496244E0 -1.872498E1
4.529544E0 -1.866486E1
4.562856E0 -1.816829E1
4.596156E0 -1.715359E1
4.629467E0 -1.574109E1
4.662767E0 -1.365841E1
4.696078E0 -1.124279E1
4.729378E0 -8.555110E0
4.762689E0 -5.476093E0
4.795989E0 -2.199556E0
4.829300E0 1.053615E0
4.862600E0 4.402436E0
4.895911E0 7.596484E0
4.929211E0 1.060325E1
4.962522E0 1.335259E1
4.995822E0 1.570052E1
5.029133E0 1.765390E1
5.062433E0 1.915528E1
5.095744E0 2.015860E1
5.129044E0 1.971489E1
5.162356E0 1.984612E1
5.195656E0 1.806939E1
5.228967E0 1.745034E1
5.262267E0 1.537000E1
5.295578E0 1.312709E1
5.328878E0 1.084082E1
5.362178E0 8.169209E0
5.395489E0 5.373192E0
5.428789E0 2.331303E0
5.462100E0 -8.225244E-1
5.495400E0 -3.650023E0
5.528711E0 -6.600153E0
5.562011E0 -9.573015E0
5.595322E0 -1.213392E1
5.628622E0 -1.425478E1
5.661933E0 -1.600519E1
5.695233E0 -1.751560E1
5.728544E0 -1.837507E1
5.761844E0 -1.888779E1
5.795156E0 -1.889263E1
5.828456E0 -1.841469E1
5.861767E0 -1.750560E1
5.895067E0 -1.632527E1
5.928378E0 -1.429098E1
5.961678E0 -1.185840E1
5.994989E0 -9.190329E0
6.028289E0 -6.306492E0
6.061600E0 -3.083231E0
6.094900E0 7.582928E-2
6.128211E0 3.227206E0
6.161511E0 6.196395E0
6.194822E0 8.855712E0
6.228122E0 1.171399E1
6.261433E0 1.407681E1
6.294733E0 1.598885E1
6.328044E0 1.757276E1
6.361344E0 1.870674E1
6.394656E0 1.859716E1
6.427956E0 1.858431E1
6.461267E0 1.823095E1
6.494567E0 1.707181E1
6.527878E0 1.568386E1
6.561178E0 1.394422E1
6.594489E0 1.163245E1
6.627789E0 8.937866E0
6.661100E0 6.156730E0
6.694400E0 3.206310E0
6.727711E0 6.670459E-2
6.761011E0 -2.796772E0
6.794322E0 -5.731329E0
6.827622E0 -8.512047E0
6.860933E0 -1.117794E1
6.894233E0 -1.350366E1
6.927544E0 -1.539857E1
6.960844E0 -1.668976E1
6.994156E0 -1.772426E1
7.027456E0 -1.820167E1
7.060767E0 -1.830819E1
7.094067E0 -1.803554E1
7.127378E0 -1.729254E1
7.160678E0 -1.611226E1
7.193978E0 -1.429791E1
7.227289E0 -1.209961E1
7.260589E0 -9.603355E0
7.293900E0 -6.861138E0
7.327200E0 -3.823556E0
7.360511E0 -5.536607E-1
7.393811E0 2.364550E0
7.427122E0 5.382534E0
7.460422E0 8.232064E0
7.493733E0 1.082907E1
7.527033E0 1.313147E1
7.560344E0 1.525763E1
7.593644E0 1.700367E1
7.626956E0 1.819395E1
7.660256E0 1.885942E1
7.693567E0 1.900755E1
7.726867E0 1.850310E1
7.760178E0 1.738358E1
7.793478E0 1.590986E1
7.826789E0 1.405840E1
7.860089E0 1.192488E1
7.893400E0 9.444418E0
7.926700E0 6.719619E0
7.960011E0 3.826274E0
7.993311E0 9.111789E-1
8.026622E0 -2.019709E0
8.059922E0 -4.926912E0
8.093233E0 -7.714594E0
8.126533E0 -1.032343E1
8.159844E0 -1.264357E1
8.193144E0 -1.455899E1
8.226456E0 -1.596221E1
8.259756E0 -1.699738E1
8.293067E0 -1.764905E1
8.326367E0 -1.785655E1
8.359678E0 -1.763424E1
8.392978E0 -1.692200E1
8.426289E0 -1.594134E1
8.459589E0 -1.438351E1
8.492900E0 -1.239516E1
8.526200E0 -1.003743E1
8.559511E0 -7.350541E0
8.592811E0 -4.455581E0
8.626122E0 -1.301392E0
8.659422E0 1.665428E0
8.692733E0 4.755169E0
8.726033E0 7.760629E0
8.759344E0 1.056170E1
8.792644E0 1.311095E1
8.825956E0 1.524577E1
8.859256E0 1.708475E1
8.892567E0 1.751505E1
8.925867E0 1.817533E1
8.959178E0 1.833879E1
8.992478E0 1.803128E1
9.025778E0 1.722028E1
9.059089E0 1.592651E1
9.092389E0 1.436071E1
9.125700E0 1.223625E1
9.159000E0 1.002884E1
9.192311E0 7.487754E0
9.225611E0 4.679178E0
9.258922E0 1.722650E0
9.292222E0 -1.260331E0
9.325533E0 -4.173971E0
9.358833E0 -6.942892E0
9.392144E0 -9.632421E0
9.425444E0 -1.206090E1
9.458756E0 -1.426191E1
9.492056E0 -1.609322E1
9.525367E0 -1.746191E1
9.558667E0 -1.833819E1
9.591978E0 -1.868636E1
9.625278E0 -1.850325E1
9.658589E0 -1.781265E1
9.691889E0 -1.657999E1
9.725200E0 -1.489606E1
9.758500E0 -1.274040E1
9.791811E0 -1.050956E1
9.825111E0 -7.895242E0
9.858422E0 -5.122222E0
9.891722E0 -2.206608E0
9.925033E0 7.853753E-1
9.958333E0 3.809202E0
9.991644E0 6.679474E0
1.002494E1 9.292248E0
1.005826E1 1.183219E1
1.009156E1 1.385136E1
1.012487E1 1.561987E1
1.015817E1 1.708462E1
1.019148E1 1.831777E1
1.022478E1 1.847032E1
1.025809E1 1.819705E1
1.029139E1 1.737081E1
1.032470E1 1.607415E1
1.035800E1 1.459595E1
1.039131E1 1.265944E1
1.042461E1 1.047530E1
1.045792E1 7.917568E0
1.049122E1 5.179223E0
1.052453E1 2.325392E0
1.055783E1 -6.709142E-1
1.059114E1 -3.482235E0
1.062444E1 -6.289351E0
1.065776E1 -9.078202E0
1.069106E1 -1.148908E1
1.072437E1 -1.363745E1
1.075767E1 -1.551853E1
1.079098E1 -1.701643E1
1.082428E1 -1.803555E1
1.085758E1 -1.859076E1
1.089089E1 -1.859156E1
1.092419E1 -1.804314E1
1.095750E1 -1.697778E1
1.099080E1 -1.544413E1
1.102411E1 -1.351985E1
1.105741E1 -1.123634E1
1.109072E1 -8.774488E0
1.112402E1 -6.058582E0
1.115733E1 -3.172216E0
1.119063E1 -4.400750E-1
1.122394E1 2.818989E0
1.125724E1 5.677232E0
1.129056E1 8.329959E0
1.132386E1 1.072179E1
1.135717E1 1.282878E1
1.139047E1 1.457228E1
1.142378E1 1.584207E1
1.145708E1 1.663844E1
1.149039E1 1.693001E1
1.152369E1 1.689304E1
1.155700E1 1.653187E1
1.159030E1 1.565482E1
1.162361E1 1.435900E1
1.165691E1 1.260582E1
1.169022E1 1.055859E1
1.172352E1 8.222633E0
1.175683E1 5.649754E0
1.179013E1 2.881392E0
1.182344E1 -1.101143E-1
1.185674E1 -2.747473E0
1.189006E1 -5.533959E0
1.192336E1 -8.201041E0
1.195667E1 -1.065049E1
1.198997E1 -1.279538E1
1.202328E1 -1.466048E1
1.205658E1 -1.627645E1
1.208989E1 -1.737201E1
1.212319E1 -1.802702E1
1.215650E1 -1.819283E1
1.218980E1 -1.776237E1
1.222311E1 -1.680283E1
1.225641E1 -1.539653E1
1.228972E1 -1.363454E1
1.232302E1 -1.149228E1
1.235633E1 -9.089294E0
1.238963E1 -6.460672E0
1.242294E1 -3.696491E0
1.245624E1 -9.058633E-1
1.248956E1 2.068641E0
1.252286E1 4.902524E0
1.255617E1 7.586378E0
1.258947E1 1.000349E1
1.262278E1 1.215493E1
1.265608E1 1.391256E1
1.268938E1 1.528389E1
1.272269E1 1.623134E1
1.275599E1 1.679127E1
1.278930E1 1.688853E1
1.282260E1 1.650730E1
1.285591E1 1.567794E1
1.288921E1 1.451565E1
1.292252E1 1.293905E1
1.295582E1 1.120917E1
1.298913E1 8.849549E0
1.302243E1 6.332716E0
1.305574E1 3.705738E0
1.308904E1 8.739051E-1
1.312236E1 -1.940063E0
1.315566E1 -4.680338E0
1.318897E1 -7.377954E0
1.322227E1 -9.849410E0
1.325558E1 -1.210509E1
1.328888E1 -1.407609E1
1.332219E1 -1.571369E1
1.335549E1 -1.686267E1
1.338880E1 -1.750230E1
1.342210E1 -1.775130E1
1.345541E1 -1.738920E1
1.348871E1 -1.657730E1
1.352202E1 -1.528716E1
1.355532E1 -1.364714E1
1.358863E1 -1.168937E1
1.362193E1 -9.451195E0
1.365524E1 -6.940406E0
1.368854E1 -4.227147E0
1.372186E1 -1.372554E0
1.375516E1 1.470719E0
1.378847E1 4.309498E0
1.382177E1 7.077567E0
1.385508E1 9.607539E0
1.388838E1 1.177917E1
1.392169E1 1.362871E1
1.395499E1 1.505729E1
1.398830E1 1.609907E1
1.402160E1 1.664675E1
1.405491E1 1.669007E1
1.408821E1 1.642343E1
1.412152E1 1.576419E1
1.415482E1 1.475157E1
1.418813E1 1.336734E1
1.422143E1 1.149173E1
1.425474E1 9.256108E0
1.428804E1 6.804168E0
1.432136E1 4.130896E0
1.435466E1 1.392933E0
1.438797E1 -1.399405E0
1.442127E1 -4.146531E0
1.445458E1 -6.832389E0
1.448788E1 -9.311630E0
1.452118E1 -1.157295E1
1.455449E1 -1.352394E1
1.458779E1 -1.514743E1
1.462110E1 -1.642489E1
1.465440E1 -1.729348E1
1.468771E1 -1.743916E1
1.472101E1 -1.730600E1
1.475432E1 -1.672213E1
1.478762E1 -1.565201E1
1.482093E1 -1.417598E1
1.485423E1 -1.224736E1
1.488754E1 -1.014340E1
1.492084E1 -7.714714E0
1.495416E1 -4.945573E0
1.498746E1 -2.014002E0
1.502077E1 7.389620E-1
1.505407E1 3.427489E0
1.508738E1 6.069146E0
1.512068E1 8.783263E0
1.515399E1 1.112978E1
1.518729E1 1.307477E1
1.522060E1 1.528235E1
1.525390E1 1.625763E1
1.528721E1 1.667550E1
1.532051E1 1.692153E1
1.535382E1 1.675049E1
1.538712E1 1.606755E1
1.542043E1 1.498430E1
1.545373E1 1.400567E1
1.548704E1 1.207757E1
1.552034E1 9.944610E0
1.555366E1 7.552722E0
1.558696E1 5.015278E0
1.562027E1 2.251398E0
1.565357E1 -4.477934E-1
1.568688E1 -3.183494E0
1.572018E1 -5.622442E0
1.575349E1 -8.061874E0
1.578679E1 -1.045239E1
1.582010E1 -1.251331E1
1.585340E1 -1.376968E1
1.588671E1 -1.478823E1
1.592001E1 -1.561947E1
1.595332E1 -1.603190E1
1.598662E1 -1.600747E1
1.601993E1 -1.543710E1
1.605323E1 -1.447114E1
1.608654E1 -1.326254E1
1.611984E1 -1.166386E1
1.615316E1 -9.624956E0
1.618646E1 -7.568695E0
1.621977E1 -4.986305E0
1.625307E1 -2.403907E0
1.628638E1 1.552460E-1
1.631968E1 2.997137E0
1.635298E1 5.611342E0
1.638629E1 8.077673E0
1.641959E1 1.053745E1
1.645290E1 1.272285E1
1.648620E1 1.425529E1
1.651951E1 1.519486E1
1.655281E1 1.635118E1
1.658612E1 1.673389E1
1.661942E1 1.669138E1
1.665273E1 1.594427E1
1.668603E1 1.496473E1
1.671934E1 1.344619E1
1.675264E1 1.191383E1
1.678596E1 1.013249E1
1.681926E1 7.772378E0
1.685257E1 5.309171E0
1.688587E1 2.673922E0
1.691918E1 -6.943983E-2
1.695248E1 -2.626443E0
1.698579E1 -5.275972E0
1.701909E1 -7.816696E0
1.705240E1 -1.012804E1
1.708570E1 -1.218324E1
1.711901E1 -1.387317E1
1.715231E1 -1.536386E1
1.718562E1 -1.645268E1
1.721892E1 -1.707118E1
1.725223E1 -1.717034E1
1.728553E1 -1.666936E1
1.731884E1 -1.571465E1
1.735214E1 -1.434791E1
1.738546E1 -1.263219E1
1.741876E1 -1.065721E1
1.745207E1 -8.452508E0
1.748537E1 -5.996196E0
1.751868E1 -3.392119E0
1.755198E1 -7.559132E-1
1.758529E1 1.995183E0
1.761859E1 4.881105E0
1.765190E1 7.344540E0
1.768520E1 9.643834E0
1.771851E1 1.158408E1
1.775181E1 1.319645E1
1.778512E1 1.448227E1
1.781842E1 1.520448E1
1.785173E1 1.541676E1
1.788503E1 1.543535E1
1.791834E1 1.510630E1
1.795164E1 1.449479E1
1.798496E1 1.336935E1
1.801826E1 1.189818E1
1.805157E1 1.016150E1
1.808487E1 8.257649E0
1.811818E1 5.768582E0
1.815148E1 3.185892E0
1.818478E1 6.773022E-1
1.821809E1 -1.838861E0
1.825139E1 -4.441767E0
1.828470E1 -6.841721E0
1.831800E1 -9.163703E0
1.835131E1 -1.108947E1
1.838461E1 -1.276812E1
1.841792E1 -1.406635E1
1.845122E1 -1.502701E1
1.848453E1 -1.585158E1
1.851783E1 -1.612033E1
1.855114E1 -1.586475E1
1.858444E1 -1.508656E1
1.861776E1 -1.378837E1
1.865106E1 -1.241711E1
1.868437E1 -1.058377E1
1.871767E1 -8.499224E0
1.875098E1 -6.146384E0
1.878428E1 -3.559160E0
1.881759E1 -7.947273E-1
1.885089E1 1.977189E0
1.888420E1 4.744077E0
1.891750E1 7.349382E0
1.895081E1 9.769635E0
1.898411E1 1.195976E1
1.901742E1 1.396921E1
1.905072E1 1.552306E1
1.908403E1 1.646714E1
1.911733E1 1.635237E1
1.915064E1 1.636241E1
1.918394E1 1.653007E1
1.921726E1 1.543802E1
1.925056E1 1.417405E1
1.928387E1 1.284831E1
1.931717E1 1.017588E1
1.935048E1 8.063705E0
1.938378E1 5.841575E0
1.941709E1 3.437125E0
1.945039E1 9.848238E-1
1.948370E1 -1.516989E0
1.951700E1 -3.941693E0
1.955031E1 -6.352716E0
1.958361E1 -8.641210E0
1.961692E1 -1.082792E1
1.965022E1 -1.240776E1
1.968353E1 -1.380151E1
1.971683E1 -1.500017E1
1.975014E1 -1.572418E1
1.978344E1 -1.604506E1
1.981676E1 -1.590260E1
1.985006E1 -1.539921E1
1.988337E1 -1.434409E1
1.991667E1 -1.287964E1
1.994998E1 -1.116110E1
1.998328E1 -9.064886E0
2.001658E1 -6.781050E0
2.004989E1 -4.256661E0
2.008319E1 -1.498390E0
2.011650E1 1.132941E0
2.014980E1 3.736480E0
2.018311E1 6.252938E0
2.021641E1 8.546108E0
2.024972E1 1.055571E1
2.028302E1 1.220145E1
2.031633E1 1.351371E1
2.034963E1 1.443018E1
2.038294E1 1.498049E1
2.041624E1 1.509729E1
2.044956E1 1.491276E1
2.048286E1 1.438056E1
2.051617E1 1.346164E1
2.054947E1 1.214610E1
2.058278E1 1.047994E1
2.061608E1 8.602812E0
2.064939E1 6.425023E0
2.068269E1 4.030873E0
2.071600E1 1.520960E0
2.074930E1 -1.116354E0
2.078261E1 -3.616364E0
2.081591E1 -6.095895E0
2.084922E1 -8.385275E0
2.088252E1 -1.049025E1
2.091583E1 -1.234428E1
2.094913E1 -1.396243E1
2.098244E1 -1.519100E1
2.101574E1 -1.597143E1
2.104906E1 -1.640530E1
2.108236E1 -1.624594E1
2.111567E1 -1.562964E1
2.114897E1 -1.451849E1
2.118228E1 -1.302217E1
2.121558E1 -1.120752E1
2.124889E1 -9.182970E0
2.128219E1 -6.886280E0
2.131550E1 -4.350436E0
2.134880E1 -1.719075E0
2.138211E1 8.612824E-1
2.141541E1 3.471867E0
2.144872E1 5.912704E0
2.148202E1 8.168139E0
2.151533E1 1.018918E1
2.154863E1 1.191751E1
2.158194E1 1.324173E1
2.161524E1 1.418694E1
2.164856E1 1.481179E1
2.168186E1 1.506986E1
2.171517E1 1.488185E1
2.174847E1 1.439632E1
2.178178E1 1.354185E1
2.181508E1 1.236126E1
2.184838E1 1.070701E1
2.188169E1 8.783638E0
2.191499E1 6.553419E0
2.194830E1 4.179607E0
2.198160E1 1.727545E0
2.201491E1 -8.982244E-1
2.204821E1 -3.153128E0
2.208152E1 -5.545911E0
2.211482E1 -7.899186E0
2.214813E1 -9.961318E0
2.218143E1 -1.174385E1
2.221474E1 -1.320888E1
2.224804E1 -1.422009E1
2.228136E1 -1.477046E1
2.231466E1 -1.508358E1
2.234797E1 -1.508447E1
2.238127E1 -1.474509E1
2.241458E1 -1.389290E1
2.244788E1 -1.284848E1
2.248119E1 -1.129140E1
2.251449E1 -9.333738E0
2.254780E1 -7.162417E0
2.258110E1 -4.801608E0
2.261441E1 -2.337535E0
2.264771E1 2.803609E-1
2.268102E1 2.889769E0
2.271432E1 5.517147E0
2.274763E1 7.828582E0
2.278093E1 9.937629E0
2.281424E1 1.193991E1
2.284754E1 1.362563E1
2.288086E1 1.450904E1
2.291416E1 1.511767E1
2.294747E1 1.538120E1
2.298077E1 1.528648E1
2.301408E1 1.470328E1
2.304738E1 1.400491E1
2.308069E1 1.287151E1
2.311399E1 1.124818E1
2.314730E1 9.277365E0
2.318060E1 7.135565E0
2.321391E1 4.936260E0
2.324721E1 2.544674E0
2.328052E1 -7.206442E-2
2.331382E1 -2.399026E0
2.334713E1 -4.933841E0
2.338043E1 -7.153803E0
2.341374E1 -9.289817E0
2.344704E1 -1.102219E1
2.348036E1 -1.232778E1
2.351366E1 -1.354955E1
2.354697E1 -1.464600E1
2.358027E1 -1.511868E1
2.361358E1 -1.515111E1
2.364688E1 -1.498959E1
2.368018E1 -1.428208E1
2.371349E1 -1.300283E1
2.374679E1 -1.144875E1
2.378010E1 -9.517645E0
2.381340E1 -7.523853E0
2.384671E1 -5.239124E0
2.388001E1 -2.777394E0
2.391332E1 -2.831856E-1
2.394662E1 2.237280E0
2.397993E1 4.717367E0
2.401323E1 7.062274E0
2.404654E1 9.127315E0
2.407984E1 1.089638E1
2.411316E1 1.246906E1
2.414646E1 1.357738E1
2.417977E1 1.433238E1
2.421307E1 1.469152E1
2.424638E1 1.469910E1
2.427968E1 1.432026E1
2.431299E1 1.371213E1
2.434629E1 1.255096E1
2.437960E1 1.108600E1
2.441290E1 9.366863E0
2.444621E1 7.276191E0
2.447951E1 5.044469E0
2.451282E1 2.650495E0
2.454612E1 1.246851E-1
2.457943E1 -2.218403E0
2.461273E1 -4.614872E0
2.464604E1 -6.943250E0
2.467934E1 -9.053500E0
2.471266E1 -1.097603E1
2.474596E1 -1.254986E1
2.477927E1 -1.393072E1
2.481257E1 -1.496766E1
2.484588E1 -1.560745E1
2.487918E1 -1.572871E1
2.491249E1 -1.534131E1
2.494579E1 -1.455349E1
2.497910E1 -1.343221E1
2.501240E1 -1.194110E1
2.504571E1 -1.011549E1
2.507901E1 -8.006795E0
2.511232E1 -5.715649E0
2.514562E1 -3.274967E0
2.517893E1 -9.528645E-1
2.521223E1 1.788036E0
2.524554E1 4.291958E0
2.527884E1 6.589748E0
2.531216E1 8.628472E0
2.534546E1 1.038420E1
2.537877E1 1.183717E1
2.541207E1 1.305816E1
2.544538E1 1.391624E1
2.547868E1 1.432219E1
2.551198E1 1.430406E1
2.554529E1 1.397954E1
2.557859E1 1.339209E1
2.561190E1 1.231019E1
2.564520E1 1.095129E1
2.567851E1 9.282189E0
2.571181E1 7.417518E0
2.574512E1 5.299317E0
2.577842E1 3.042219E0
2.581173E1 5.662357E-1
2.584503E1 -1.809535E0
2.587834E1 -4.107842E0
2.591164E1 -6.464164E0
2.594496E1 -8.610476E0
2.597826E1 -1.054178E1
2.601157E1 -1.229061E1
2.604487E1 -1.375926E1
2.607818E1 -1.479868E1
2.611148E1 -1.527729E1
2.614479E1 -1.556302E1
2.617809E1 -1.517322E1
2.621140E1 -1.466234E1
2.624470E1 -1.356130E1
2.627801E1 -1.204889E1
2.631131E1 -1.022882E1
2.634462E1 -8.149817E0
2.637792E1 -5.894721E0
2.641123E1 -3.545797E0
2.644453E1 -9.732180E-1
2.647784E1 1.524324E0
2.651114E1 4.115497E0
2.654446E1 6.438652E0
2.657776E1 8.645677E0
2.661107E1 1.045351E1
2.664437E1 1.227269E1
2.667768E1 1.387435E1
2.671098E1 1.456348E1
2.674429E1 1.482121E1
2.677759E1 1.489434E1
2.681090E1 1.470532E1
2.684420E1 1.406993E1
2.687751E1 1.288343E1
2.691081E1 1.145286E1
2.694412E1 9.929748E0
2.697742E1 8.001186E0
2.701073E1 5.775473E0
2.704403E1 3.442727E0
2.707734E1 1.048103E0
2.711064E1 -1.250562E0
2.714396E1 -3.590767E0
2.717726E1 -5.814852E0
2.721057E1 -7.916631E0
2.724387E1 -9.853465E0
2.727718E1 -1.157022E1
2.731048E1 -1.300365E1
2.734378E1 -1.403545E1
2.737709E1 -1.468475E1
2.741039E1 -1.507008E1
2.744370E1 -1.496031E1
2.747700E1 -1.447518E1
2.751031E1 -1.343829E1
2.754361E1 -1.201925E1
2.757692E1 -1.031047E1
2.761022E1 -8.391602E0
2.764353E1 -6.243234E0
2.767683E1 -3.932713E0
2.771014E1 -1.502940E0
2.774344E1 9.679241E-1
2.777676E1 3.455048E0
2.781006E1 5.941816E0
2.784337E1 8.187079E0
2.787667E1 1.017709E1
2.790998E1 1.192212E1
2.794328E1 1.339708E1
2.797659E1 1.444121E1
2.800989E1 1.509357E1
2.804320E1 1.507594E1
2.807650E1 1.483199E1
2.810981E1 1.394038E1
2.814311E1 1.320310E1
2.817642E1 1.170460E1
2.820972E1 1.001311E1
2.824303E1 8.173834E0
2.827633E1 6.045848E0
2.830964E1 3.895016E0
2.834294E1 1.536571E0
2.837626E1 -8.086391E-1
2.840956E1 -3.188021E0
2.844287E1 -5.483024E0
2.847617E1 -7.671021E0
2.850948E1 -9.622920E0
2.854278E1 -1.130620E1
2.857609E1 -1.276007E1
2.860939E1 -1.387269E1
2.864270E1 -1.426851E1
2.867600E1 -1.432858E1
2.870931E1 -1.430035E1
2.874261E1 -1.375899E1
2.877592E1 -1.317625E1
2.880922E1 -1.196029E1
2.884253E1 -1.033666E1
2.887583E1 -8.534237E0
2.890914E1 -6.404360E0
2.894244E1 -4.175185E0
2.897576E1 -1.795708E0
2.900906E1 5.528510E-1
2.904237E1 2.988785E0
2.907567E1 5.281614E0
2.910898E1 7.319409E0
2.914228E1 9.355875E0
2.917558E1 1.092210E1
2.920889E1 1.218331E1
2.924219E1 1.321135E1
2.927550E1 1.379153E1
2.930880E1 1.415177E1
2.934211E1 1.401641E1
2.937541E1 1.349152E1
2.940872E1 1.240072E1
2.944202E1 1.132626E1
2.947533E1 1.003977E1
2.950863E1 8.303147E0
2.954194E1 6.268425E0
2.957524E1 4.054637E0
2.960856E1 1.894066E0
2.964186E1 -4.630099E-1
2.967517E1 -2.685963E0
2.970847E1 -4.910569E0
2.974178E1 -7.083831E0
2.977508E1 -9.072659E0
2.980839E1 -1.066628E1
2.984169E1 -1.223644E1
2.987500E1 -1.348286E1
2.990830E1 -1.401839E1
2.994161E1 -1.428954E1
2.997491E1 -1.427035E1
3.000822E1 -1.395016E1
3.004152E1 -1.291816E1
3.007483E1 -1.195228E1
3.010813E1 -1.050644E1
3.014144E1 -8.802943E0
3.017474E1 -6.767439E0
3.020806E1 -4.494713E0
3.024136E1 -2.219639E0
3.027467E1 1.538121E-1
3.030797E1 2.467787E0
3.034128E1 4.821973E0
3.037458E1 6.950376E0
3.040789E1 8.771156E0
3.044119E1 1.040047E1
3.047450E1 1.172895E1
3.050780E1 1.265841E1
3.054111E1 1.344556E1
3.057441E1 1.372802E1
3.060772E1 1.367634E1
3.064102E1 1.324149E1
3.067433E1 1.263922E1
3.070763E1 1.155156E1
3.074094E1 1.014940E1
3.077424E1 8.458470E0
3.080756E1 6.520478E0
3.084086E1 4.422195E0
3.087417E1 2.176434E0
3.090747E1 -7.355177E-2
3.094078E1 -2.326315E0
3.097408E1 -4.562594E0
3.100738E1 -6.651072E0
3.104069E1 -8.709649E0
3.107399E1 -1.042800E1
3.110730E1 -1.193190E1
3.114060E1 -1.309232E1
3.117391E1 -1.408002E1
3.120721E1 -1.446019E1
3.124052E1 -1.447885E1
3.127382E1 -1.412854E1
3.130713E1 -1.331462E1
3.134043E1 -1.220210E1
3.137374E1 -1.067418E1
3.140704E1 -8.917632E0
3.144036E1 -6.938003E0
3.147366E1 -4.842099E0
3.150697E1 -2.519968E0
3.154027E1 -1.707356E-1
3.157358E1 2.168282E0
3.160688E1 4.480745E0
3.164019E1 6.643684E0
3.167349E1 8.682039E0
3.170680E1 1.049454E1
3.174010E1 1.175219E1
3.177341E1 1.280572E1
3.180671E1 1.336951E1
3.184002E1 1.386322E1
3.187332E1 1.384437E1
3.190663E1 1.343045E1
3.193993E1 1.274497E1
3.197324E1 1.158172E1
3.200654E1 1.035663E1
3.203986E1 8.646748E0
3.207316E1 6.688618E0
3.210647E1 4.700795E0
3.213977E1 2.593140E0
3.217308E1 2.839465E-1
3.220638E1 -1.959493E0
3.223969E1 -4.192538E0
3.227299E1 -6.319204E0
3.230630E1 -8.304847E0
3.233960E1 -1.014761E1
3.237291E1 -1.164752E1
3.240621E1 -1.299685E1
3.243952E1 -1.394947E1
3.247282E1 -1.422619E1
3.250613E1 -1.434409E1
3.253943E1 -1.383464E1
3.257274E1 -1.324485E1
3.260604E1 -1.214201E1
3.263936E1 -1.076713E1
3.267266E1 -9.001596E0
3.270597E1 -7.094341E0
3.273927E1 -4.988848E0
3.277258E1 -2.784382E0
3.280588E1 -4.604755E-1
3.283918E1 1.797891E0
3.287249E1 4.029058E0
3.290579E1 6.175442E0
3.293910E1 8.119174E0
3.297240E1 9.863912E0
3.300571E1 1.144647E1
3.303901E1 1.249140E1
3.307232E1 1.337603E1
3.310562E1 1.366982E1
3.313893E1 1.366188E1
3.317223E1 1.313190E1
3.320554E1 1.243081E1
3.323884E1 1.175346E1
3.327216E1 1.043533E1
3.330546E1 8.712168E0
3.333877E1 6.992664E0
3.337207E1 4.934424E0
3.340538E1 2.752310E0
3.343868E1 4.716812E-1
3.347199E1 -1.665498E0
3.350529E1 -3.918774E0
3.353860E1 -6.003283E0
3.357190E1 -8.017909E0
3.360521E1 -9.815282E0
3.363851E1 -1.139387E1
3.367182E1 -1.266010E1
3.370512E1 -1.359961E1
3.373843E1 -1.410351E1
3.377173E1 -1.415545E1
3.380504E1 -1.407023E1
3.383834E1 -1.339664E1
3.387166E1 -1.222036E1
3.390496E1 -1.067661E1
3.393827E1 -9.111989E0
3.397157E1 -7.289806E0
3.400488E1 -5.265073E0
3.403818E1 -3.063850E0
3.407149E1 -7.229902E-1
3.410479E1 1.481572E0
3.413810E1 3.662898E0
3.417140E1 5.785775E0
3.420471E1 7.633417E0
3.423801E1 9.301257E0
3.427132E1 1.066467E1
3.430462E1 1.189546E1
3.433793E1 1.272033E1
3.437123E1 1.311026E1
3.440454E1 1.314860E1
3.443784E1 1.289107E1
3.447116E1 1.236070E1
3.450446E1 1.142310E1
3.453777E1 1.020184E1
3.457107E1 8.710374E0
3.460438E1 7.068947E0
3.463768E1 5.248251E0
3.467098E1 3.078642E0
3.470429E1 8.632008E-1
3.473759E1 -1.281450E0
3.477090E1 -3.504170E0
3.480420E1 -5.605093E0
3.483751E1 -7.577398E0
3.487081E1 -9.399831E0
3.490412E1 -1.098246E1
3.493742E1 -1.229892E1
3.497073E1 -1.329322E1
3.500403E1 -1.375012E1
3.503734E1 -1.399915E1
3.507064E1 -1.358749E1
3.510396E1 -1.321401E1
3.513726E1 -1.216715E1
3.517057E1 -1.073112E1
3.520387E1 -9.353603E0
3.523718E1 -7.447049E0
3.527048E1 -5.477297E0
3.530379E1 -3.400929E0
3.533709E1 -1.210715E0
3.537040E1 1.009212E0
3.540370E1 3.219341E0
3.543701E1 5.445386E0
3.547031E1 7.362501E0
3.550362E1 9.071566E0
3.553692E1 1.049460E1
3.557023E1 1.195831E1
3.560353E1 1.270930E1
3.563684E1 1.298867E1
3.567014E1 1.301322E1
3.570346E1 1.307907E1
3.573676E1 1.259742E1
3.577007E1 1.149830E1
3.580337E1 1.058655E1
3.583668E1 9.097470E0
3.586998E1 7.238207E0
3.590329E1 5.355447E0
3.593659E1 3.335039E0
3.596990E1 1.194212E0
3.600320E1 -9.278162E-1
3.603651E1 -3.007383E0
3.606981E1 -5.102467E0
3.610312E1 -7.152634E0
3.613642E1 -8.815094E0
3.616973E1 -1.016094E1
3.620303E1 -1.152349E1
3.623634E1 -1.270606E1
3.626964E1 -1.314481E1
3.630296E1 -1.353413E1
3.633626E1 -1.307794E1
3.636957E1 -1.285890E1
3.640287E1 -1.185620E1
3.643618E1 -1.119446E1
3.646948E1 -9.502001E0
3.650278E1 -7.944744E0
3.653609E1 -5.990831E0
3.656939E1 -3.822259E0
3.660270E1 -1.643949E0
3.663600E1 5.250220E-1
3.666931E1 2.754007E0
3.670261E1 4.860323E0
3.673592E1 6.807506E0
3.676922E1 8.543676E0
3.680253E1 1.003863E1
3.683583E1 1.116263E1
3.686914E1 1.201059E1
3.690244E1 1.254413E1
3.693576E1 1.261978E1
3.696906E1 1.246830E1
3.700237E1 1.200585E1
3.703567E1 1.116946E1
3.706898E1 1.013881E1
3.710228E1 8.901570E0
3.713559E1 7.283345E0
3.716889E1 5.516926E0
3.720220E1 3.535160E0
3.723550E1 1.497376E0
3.726881E1 -5.893193E-1
3.730211E1 -2.754989E0
3.733542E1 -4.823992E0
3.736872E1 -6.776738E0
3.740203E1 -8.531875E0
3.743533E1 -1.020201E1
3.746864E1 -1.147407E1
3.750194E1 -1.236419E1
3.753526E1 -1.288657E1
3.756856E1 -1.339170E1
3.760187E1 -1.341256E1
3.763517E1 -1.280773E1
3.766848E1 -1.216789E1
3.770178E1 -1.089150E1
3.773509E1 -9.601927E0
3.776839E1 -7.876531E0
3.780170E1 -5.906061E0
3.783500E1 -3.869539E0
3.786831E1 -1.678380E0
3.790161E1 4.787878E-1
3.793492E1 2.610989E0
3.796822E1 4.638352E0
3.800153E1 6.635694E0
3.803483E1 8.341707E0
3.806814E1 9.804818E0
3.810144E1 1.107611E1
3.813476E1 1.187837E1
3.816806E1 1.234844E1
3.820137E1 1.260204E1
3.823467E1 1.254633E1
3.826798E1 1.218762E1
3.830128E1 1.143248E1
3.833458E1 1.040170E1
3.836789E1 9.097596E0
3.840119E1 7.453657E0
3.843450E1 5.746992E0
3.846780E1 3.863379E0
3.850111E1 1.777758E0
3.853441E1 -3.705731E-1
3.856772E1 -2.422390E0
3.860102E1 -4.421186E0
3.863433E1 -6.341204E0
3.866763E1 -8.027320E0
3.870094E1 -9.553895E0
3.873424E1 -1.079131E1
3.876756E1 -1.175384E1
3.880086E1 -1.270011E1
3.883417E1 -1.300082E1
3.886747E1 -1.300447E1
3.890078E1 -1.269457E1
3.893408E1 -1.201454E1
3.896739E1 -1.102403E1
3.900069E1 -9.462424E0
3.903400E1 -7.949775E0
3.906730E1 -6.071678E0
3.910061E1 -4.058758E0
3.913391E1 -1.863256E0
3.916722E1 3.569557E-1
3.920052E1 2.439270E0
3.923383E1 4.523707E0
3.926713E1 6.510336E0
3.930044E1 8.247863E0
3.933374E1 9.760432E0
3.936706E1 1.116742E1
3.940036E1 1.219337E1
3.943367E1 1.272073E1
3.946697E1 1.288107E1
3.950028E1 1.280034E1
3.953358E1 1.248660E1
3.956689E1 1.169592E1
3.960019E1 1.054867E1
3.963350E1 9.059272E0
3.966680E1 7.650865E0
3.970011E1 5.973577E0
3.973341E1 3.970572E0
3.976672E1 1.947071E0
3.980002E1 -1.862453E-1
3.983333E1 -2.265553E0
3.986663E1 -4.280518E0
3.989994E1 -6.236565E0
3.993324E1 -8.042247E0
3.996656E1 -9.662795E0
3.999986E1 -1.104954E1
4.003317E1 -1.220908E1
4.006647E1 -1.293170E1
4.009978E1 -1.315133E1
4.013308E1 -1.315853E1
4.016638E1 -1.290067E1
4.019969E1 -1.230782E1
4.023299E1 -1.120981E1
4.026630E1 -9.634023E0
4.029960E1 -8.029644E0
4.033291E1 -6.181467E0
4.036621E1 -4.237271E0
4.039952E1 -2.231952E0
4.043282E1 -1.483805E-1
4.046613E1 1.918213E0
4.049943E1 3.958591E0
4.053274E1 5.903482E0
4.056604E1 7.757859E0
4.059936E1 9.295357E0
4.063266E1 1.066713E1
4.066597E1 1.181331E1
4.069927E1 1.251330E1
4.073258E1 1.239732E1
4.076588E1 1.240429E1
4.079919E1 1.215099E1
4.083249E1 1.132485E1
4.086580E1 1.064915E1
4.089910E1 9.306974E0
4.093241E1 7.757893E0
4.096571E1 6.143193E0
4.099902E1 4.233152E0
4.103232E1 2.135037E0
4.106563E1 1.639330E-1
4.109893E1 -1.871847E0
4.113224E1 -3.955661E0
4.116554E1 -5.863765E0
4.119886E1 -7.663687E0
4.123216E1 -9.168722E0
4.126547E1 -1.050376E1
4.129877E1 -1.166174E1
4.133208E1 -1.233717E1
4.136538E1 -1.249580E1
4.139869E1 -1.269884E1
4.143199E1 -1.255024E1
4.146530E1 -1.187854E1
4.149860E1 -1.095117E1
4.153191E1 -9.646373E0
4.156521E1 -8.065520E0
4.159852E1 -6.410280E0
4.163182E1 -4.466164E0
4.166513E1 -2.376501E0
4.169843E1 -3.398873E-1
4.173174E1 1.633437E0
4.176504E1 3.751197E0
4.179836E1 5.662682E0
4.183166E1 7.626038E0
4.186497E1 9.124858E0
4.189827E1 1.020853E1
4.193158E1 1.125980E1
4.196488E1 1.174523E1
4.199818E1 1.202504E1
4.203149E1 1.205522E1
4.206479E1 1.178531E1
4.209810E1 1.139366E1
4.213140E1 1.050192E1
4.216471E1 9.298377E0
4.219801E1 7.888892E0
4.223132E1 6.301558E0
4.226462E1 4.376514E0
4.229793E1 2.510823E0
4.233123E1 4.851357E-1
4.236454E1 -1.504992E0
4.239784E1 -3.498037E0
4.243116E1 -5.375377E0
4.246446E1 -7.081971E0
4.249777E1 -8.758866E0
4.253107E1 -1.002420E1
4.256438E1 -1.097394E1
4.259768E1 -1.174058E1
4.263099E1 -1.255632E1
4.266429E1 -1.281852E1
4.269760E1 -1.239748E1
4.273090E1 -1.181680E1
4.276421E1 -1.106493E1
4.279751E1 -9.821670E0
4.283082E1 -8.201969E0
4.286412E1 -6.544067E0
4.289743E1 -4.715648E0
4.293073E1 -2.661650E0
4.296404E1 -4.926618E-1
4.299734E1 1.625245E0
4.303066E1 3.676948E0
4.306396E1 5.491012E0
4.309727E1 7.238628E0
4.313057E1 8.692378E0
4.316388E1 1.006323E1
4.319718E1 1.095922E1
4.323049E1 1.160874E1
4.326379E1 1.196946E1
4.329710E1 1.225681E1
4.333040E1 1.208547E1
4.336371E1 1.137180E1
4.339701E1 1.075732E1
4.343032E1 9.495032E0
4.346362E1 7.890819E0
4.349693E1 6.165814E0
4.353023E1 4.569706E0
4.356354E1 2.689085E0
4.359684E1 7.358775E-1
4.363016E1 -1.237363E0
4.366346E1 -3.261374E0
4.369677E1 -5.034529E0
4.373007E1 -6.862766E0
4.376338E1 -8.436282E0
4.379668E1 -9.729174E0
4.382998E1 -1.091609E1
4.386329E1 -1.170913E1
4.389659E1 -1.211779E1
4.392990E1 -1.228546E1
4.396320E1 -1.213577E1
4.399651E1 -1.164546E1
4.402981E1 -1.101520E1
4.406312E1 -9.845118E0
4.409642E1 -8.420799E0
4.412973E1 -6.723802E0
4.416303E1 -4.904895E0
4.419634E1 -2.974137E0
4.422964E1 -9.177590E-1
4.426296E1 1.145404E0
4.429626E1 3.208539E0
4.432957E1 5.307279E0
4.436287E1 7.023187E0
4.439618E1 8.689200E0
4.442948E1 9.926625E0
4.446279E1 1.117462E1
4.449609E1 1.188328E1
4.452940E1 1.212201E1
4.456270E1 1.227218E1
4.459601E1 1.203849E1
4.462931E1 1.140746E1
4.466262E1 1.048255E1
4.469592E1 9.383813E0
4.472923E1 7.956427E0
4.476253E1 6.365695E0
4.479584E1 4.540892E0
4.482914E1 2.710859E0
4.486246E1 8.451121E-1
4.489576E1 -1.095017E0
4.492907E1 -3.024813E0
4.496237E1 -4.895379E0
4.499568E1 -6.621037E0
4.502898E1 -8.230388E0
4.506229E1 -9.580457E0
4.509559E1 -1.078921E1
4.512890E1 -1.183796E1
4.516220E1 -1.216555E1
4.519551E1 -1.227560E1
4.522881E1 -1.221911E1
4.526212E1 -1.159343E1
4.529542E1 -1.088922E1
4.532873E1 -9.979510E0
4.536203E1 -8.489985E0
4.539534E1 -6.847819E0
4.542864E1 -5.078079E0
4.546196E1 -3.061673E0
4.549526E1 -9.504584E-1
4.552857E1 1.106531E0
4.556187E1 3.178045E0
4.559518E1 5.099453E0
4.562848E1 6.706449E0
4.566178E1 8.126579E0
4.569509E1 9.554104E0
4.572839E1 1.075232E1
4.576170E1 1.156315E1
4.579500E1 1.192887E1
4.582831E1 1.207518E1
4.586161E1 1.209000E1
4.589492E1 1.134233E1
4.592822E1 1.042458E1
4.596153E1 9.410668E0
4.599483E1 8.042819E0
4.602814E1 6.441694E0
4.606144E1 4.849338E0
4.609476E1 2.988163E0
4.612806E1 1.058981E0
4.616137E1 -8.742150E-1
4.619467E1 -2.816339E0
4.622798E1 -4.659875E0
4.626128E1 -6.276883E0
4.629459E1 -8.108966E0
4.632789E1 -9.606678E0
4.636120E1 -1.079211E1
4.639450E1 -1.153940E1
4.642781E1 -1.209057E1
4.646111E1 -1.222656E1
4.649442E1 -1.214573E1
4.652772E1 -1.163751E1
4.656103E1 -1.100843E1
4.659433E1 -9.812370E0
4.662764E1 -8.472054E0
4.666094E1 -6.989556E0
4.669426E1 -5.107717E0
4.672756E1 -3.161393E0
4.676087E1 -1.217297E0
4.679417E1 7.192679E-1
4.682748E1 2.795191E0
4.686078E1 4.696710E0
4.689409E1 6.405603E0
4.692739E1 7.900963E0
4.696070E1 9.266458E0
4.699400E1 1.030846E1
4.702731E1 1.114081E1
4.706061E1 1.161106E1
4.709392E1 1.147729E1
4.712722E1 1.151521E1
4.716053E1 1.109724E1
4.719383E1 1.050772E1
4.722714E1 9.348676E0
4.726044E1 8.292573E0
4.729376E1 6.581112E0
4.732706E1 5.052803E0
4.736037E1 3.200312E0
4.739367E1 1.252468E0
4.742698E1 -6.821933E-1
4.746028E1 -2.630107E0
4.749358E1 -4.501933E0
4.752689E1 -6.309091E0
4.756019E1 -7.954595E0
4.759350E1 -9.361102E0
4.762680E1 -1.057352E1
4.766011E1 -1.124506E1
4.769341E1 -1.198075E1
4.772672E1 -1.230830E1
4.776002E1 -1.224509E1
4.779333E1 -1.178033E1
4.782663E1 -1.104957E1
4.785994E1 -9.859747E0
4.789324E1 -8.620940E0
4.792656E1 -7.019204E0
4.795986E1 -5.226174E0
4.799317E1 -3.378184E0
4.802647E1 -1.417194E0
4.805978E1 4.308550E-1
4.809308E1 2.518747E0
4.812639E1 4.474110E0
4.815969E1 6.042524E0
4.819300E1 7.583742E0
4.822630E1 8.873187E0
4.825961E1 1.032005E1
4.829291E1 1.117996E1
4.832622E1 1.134834E1
4.835952E1 1.180000E1
4.839283E1 1.191915E1
4.842613E1 1.142654E1
4.845944E1 1.050802E1
4.849274E1 9.441452E0
4.852606E1 8.352001E0
4.855936E1 6.732456E0
4.859267E1 5.185787E0
4.862597E1 3.440902E0
4.865928E1 1.624330E0
4.869258E1 -2.537895E-1
4.872589E1 -2.194836E0
4.875919E1 -4.033920E0
4.879250E1 -5.857831E0
4.882580E1 -7.393066E0
4.885911E1 -8.902886E0
4.889241E1 -1.005592E1
4.892572E1 -1.079028E1
4.895902E1 -1.125311E1
4.899233E1 -1.143755E1
4.902563E1 -1.142395E1
4.905894E1 -1.118622E1
4.909224E1 -1.055685E1
4.912556E1 -9.678357E0
4.915886E1 -8.503334E0
4.919217E1 -6.786111E0
4.922547E1 -5.220517E0
4.925878E1 -3.505637E0
4.929208E1 -1.572569E0
4.932538E1 2.828654E-1
4.935869E1 2.243613E0
4.939199E1 3.990899E0
4.942530E1 5.958503E0
4.945860E1 7.446401E0
4.949191E1 8.772002E0
4.952521E1 9.761095E0
4.955852E1 1.039048E1
4.959182E1 1.110438E1
4.962513E1 1.137711E1
4.965843E1 1.117970E1
4.969174E1 1.074700E1
4.972504E1 1.031133E1
4.975836E1 9.382182E0
4.979166E1 8.237642E0
4.982497E1 6.794789E0
4.985827E1 5.241651E0
4.989158E1 3.596166E0
4.992488E1 1.773815E0
4.995819E1 -1.500340E-1
4.999149E1 -2.129203E0
5.002480E1 -3.858316E0
5.005810E1 -5.582263E0
5.009141E1 -7.174250E0
5.012471E1 -8.671612E0
5.015802E1 -1.003728E1
5.019132E1 -1.092284E1
5.022463E1 -1.113126E1
5.025793E1 -1.159838E1
5.029124E1 -1.161395E1
5.032454E1 -1.114765E1
5.035786E1 -1.047817E1
5.039116E1 -9.536071E0
5.042447E1 -8.504468E0
5.045777E1 -7.033068E0
5.049108E1 -5.346976E0
5.052438E1 -3.759625E0
5.055769E1 -1.809076E0
5.059099E1 1.282542E-1
5.062430E1 1.928842E0
5.065760E1 3.884539E0
5.069091E1 5.459136E0
5.072421E1 7.080755E0
5.075752E1 8.250736E0
5.079082E1 9.315715E0
5.082413E1 1.006098E1
5.085743E1 1.048166E1
5.089074E1 1.086675E1
5.092404E1 1.088125E1
5.095736E1 1.051066E1
5.099066E1 1.011633E1
5.102397E1 9.423994E0
5.105727E1 8.342782E0
5.109058E1 6.905195E0
5.112388E1 5.211781E0
5.115718E1 3.553986E0
5.119049E1 1.913955E0
5.122379E1 -5.440549E-2
5.125710E1 -1.832525E0
5.129040E1 -3.669143E0
5.132371E1 -5.372394E0
5.135701E1 -6.925881E0
5.139032E1 -8.430162E0
5.142362E1 -9.831531E0
5.145693E1 -1.065497E1
5.149023E1 -1.126311E1
5.152354E1 -1.149176E1
5.155684E1 -1.153006E1
5.159016E1 -1.128879E1
5.162346E1 -1.069969E1
5.165677E1 -9.842655E0
5.169007E1 -8.712631E0
5.172338E1 -7.265532E0
5.175668E1 -5.535878E0
5.178999E1 -3.882877E0
5.182329E1 -1.936902E0
5.185660E1 3.923483E-2
5.188990E1 1.667736E0
5.192321E1 3.611774E0
5.195651E1 5.402775E0
5.198982E1 6.881202E0
5.202312E1 8.269367E0
5.205643E1 9.576419E0
5.208973E1 1.023498E1
5.212304E1 1.083027E1
5.215634E1 1.128922E1
5.218966E1 1.128050E1
5.222296E1 1.086295E1
5.225627E1 1.043687E1
5.228957E1 9.603470E0
5.232288E1 8.373490E0
5.235618E1 7.055342E0
5.238949E1 5.251238E0
5.242279E1 3.633415E0
5.245610E1 1.812572E0
5.248940E1 8.039393E-2
5.252271E1 -1.745362E0
5.255601E1 -3.499175E0
5.258932E1 -5.190496E0
5.262262E1 -6.726959E0
5.265593E1 -7.995279E0
5.268923E1 -9.347768E0
5.272254E1 -1.038469E1
5.275584E1 -1.073952E1
5.278916E1 -1.134528E1
5.282246E1 -1.132645E1
5.285577E1 -1.110805E1
5.288907E1 -1.073762E1
5.292238E1 -9.694966E0
5.295568E1 -8.585638E0
5.298898E1 -7.388162E0
5.302229E1 -5.824903E0
5.305559E1 -4.031377E0
5.308890E1 -2.215596E0
5.312220E1 -3.621561E-1
5.315551E1 1.460282E0
5.318881E1 3.217339E0
5.322212E1 4.972582E0
5.325542E1 6.440331E0
5.328873E1 8.009524E0
5.332203E1 9.031725E0
5.335534E1 9.808266E0
5.338864E1 1.049104E1
5.342196E1 1.075702E1
5.345526E1 1.072198E1
5.348857E1 1.045314E1
5.352187E1 1.007039E1
5.355518E1 9.447387E0
5.358848E1 8.232108E0
5.362179E1 7.039095E0
5.365509E1 5.446368E0
5.368840E1 3.933581E0
5.372170E1 2.200778E0
5.375501E1 4.052096E-1
5.378831E1 -1.364595E0
5.382162E1 -3.305710E0
5.385492E1 -4.961096E0
5.388823E1 -6.522643E0
5.392153E1 -7.970073E0
5.395484E1 -9.273145E0
5.398814E1 -1.020722E1
5.402146E1 -1.077285E1
5.405476E1 -1.083018E1
5.408807E1 -1.109024E1
5.412137E1 -1.090839E1
5.415468E1 -1.038031E1
5.418798E1 -9.832349E0
5.422129E1 -8.474328E0
5.425459E1 -7.177514E0
5.428790E1 -5.721794E0
5.432120E1 -4.101598E0
5.435451E1 -2.202403E0
5.438781E1 -3.839079E-1
5.442112E1 1.585171E0
5.445442E1 3.225456E0
5.448773E1 4.919644E0
5.452103E1 6.469200E0
5.455434E1 7.863433E0
5.458764E1 8.790555E0
5.462096E1 9.678323E0
5.465426E1 1.062081E1
5.468757E1 1.085965E1
5.472087E1 1.083279E1
5.475418E1 1.064746E1
5.478748E1 1.018736E1
5.482078E1 9.525008E0
5.485409E1 8.364351E0
5.488739E1 6.934039E0
5.492070E1 5.495705E0
5.495400E1 4.029284E0
5.498731E1 2.340377E0
5.502061E1 6.412666E-1
5.505392E1 -1.139048E0
5.508722E1 -2.899059E0
5.512053E1 -4.566541E0
5.515383E1 -6.084162E0
5.518714E1 -7.395730E0
5.522044E1 -8.642335E0
5.525376E1 -9.733083E0
5.528706E1 -1.044971E1
5.532037E1 -1.092287E1
5.535367E1 -1.121099E1
5.538698E1 -1.091439E1
5.542028E1 -1.068115E1
5.545359E1 -9.788681E0
5.548689E1 -8.706125E0
5.552020E1 -7.332216E0
5.555350E1 -5.902907E0
5.558681E1 -4.218192E0
5.562011E1 -2.404550E0
5.565342E1 -4.511663E-1
5.568672E1 1.318487E0
5.572003E1 3.012145E0
5.575333E1 4.732646E0
5.578664E1 6.180446E0
5.581994E1 7.512542E0
5.585326E1 8.541860E0
5.588656E1 9.430753E0
5.591987E1 1.013585E1
5.595317E1 1.048970E1
5.598648E1 1.054537E1
5.601978E1 1.041835E1
5.605309E1 1.007000E1
5.608639E1 9.208696E0
5.611970E1 8.098042E0
5.615300E1 7.200410E0
5.618631E1 5.640794E0
5.621961E1 4.046793E0
5.625292E1 2.305956E0
5.628622E1 6.052951E-1
5.631953E1 -1.031106E0
5.635283E1 -2.833058E0
5.638614E1 -4.549474E0
5.641944E1 -6.182223E0
5.645276E1 -7.574584E0
5.648606E1 -8.887259E0
5.651937E1 -1.001588E1
5.655267E1 -1.071671E1
5.658598E1 -1.087288E1
5.661928E1 -1.107189E1
5.665258E1 -1.128678E1
5.668589E1 -1.068758E1
5.671919E1 -9.768370E0
5.675250E1 -8.601886E0
5.678580E1 -7.218301E0
5.681911E1 -5.747968E0
5.685241E1 -4.295616E0
5.688572E1 -2.467138E0
5.691902E1 -7.022888E-1
5.695233E1 9.000043E-1
5.698563E1 2.741520E0
5.701894E1 4.489313E0
5.705224E1 5.908831E0
5.708556E1 7.250815E0
5.711886E1 8.622412E0
5.715217E1 9.666336E0
5.718547E1 1.039774E1
5.721878E1 1.075562E1
5.725208E1 1.066250E1
5.728539E1 1.064124E1
5.731869E1 1.020608E1
5.735200E1 9.489354E0
5.738530E1 8.417490E0
5.741861E1 7.356227E0
5.745191E1 5.652336E0
5.748522E1 4.190039E0
5.751852E1 2.502628E0
5.755183E1 8.105811E-1
5.758513E1 -8.426784E-1
5.761844E1 -2.670043E0
5.765174E1 -4.391844E0
5.768506E1 -5.854636E0
5.771836E1 -7.332962E0
5.775167E1 -8.545908E0
5.778497E1 -9.607570E0
5.781828E1 -1.019332E1
5.785158E1 -1.036416E1
5.788489E1 -1.081652E1
5.791819E1 -1.062619E1
5.795150E1 -1.029025E1
5.798480E1 -9.600321E0
5.801811E1 -8.886493E0
5.805141E1 -7.583159E0
5.808472E1 -6.181640E0
5.811802E1 -4.458686E0
5.815133E1 -2.768719E0
5.818463E1 -9.987541E-1
5.821794E1 7.282791E-1
5.825124E1 2.501808E0
5.828456E1 4.186669E0
5.831786E1 5.643347E0
5.835117E1 6.960820E0
5.838447E1 8.226298E0
5.841778E1 9.203523E0
5.845108E1 1.001335E1
5.848438E1 1.048588E1
5.851769E1 1.066382E1
5.855099E1 1.026654E1
5.858430E1 1.010909E1
5.861760E1 9.280316E0
5.865091E1 8.330203E0
5.868421E1 7.253357E0
5.871752E1 5.733752E0
5.875082E1 4.394883E0
5.878413E1 2.776731E0
5.881743E1 8.734258E-1
5.885074E1 -8.108896E-1
5.888404E1 -2.627966E0
5.891736E1 -4.283597E0
5.895066E1 -5.819512E0
5.898397E1 -7.336238E0
5.901727E1 -8.491229E0
5.905058E1 -9.613013E0
5.908388E1 -1.044749E1
5.911719E1 -1.095652E1
5.915049E1 -1.091094E1
5.918380E1 -1.082544E1
5.921710E1 -1.071897E1
5.925041E1 -9.764818E0
5.928371E1 -8.703235E0
5.931702E1 -7.582213E0
5.935032E1 -6.051038E0
5.938363E1 -4.396693E0
5.941693E1 -2.893771E0
5.945024E1 -1.187656E0
5.948354E1 6.193446E-1
5.951686E1 2.426958E0
5.955016E1 4.009677E0
5.958347E1 5.468573E0
5.961677E1 6.704547E0
5.965008E1 8.052309E0
5.968338E1 9.057047E0
5.971669E1 9.838627E0
5.974999E1 1.036807E1
5.978330E1 1.034387E1
5.981660E1 1.031144E1
5.984991E1 9.940081E0
5.988321E1 9.359977E0
5.991652E1 8.244049E0
5.994982E1 7.050549E0
5.998313E1 5.775744E0
6.001643E1 4.350531E0
6.004974E1 2.702361E0
6.008304E1 1.138963E0
6.011636E1 -5.436563E-1
6.014966E1 -2.222023E0
6.018297E1 -3.834139E0
6.021627E1 -5.487918E0
6.024958E1 -6.876034E0
6.028288E1 -8.057891E0
6.031618E1 -9.057574E0
6.034949E1 -1.006038E1
6.038279E1 -1.019647E1
6.041610E1 -1.026727E1
6.044940E1 -1.053084E1
6.048271E1 -1.006620E1
6.051601E1 -9.670604E0
6.054932E1 -8.592157E0
6.058262E1 -7.396231E0
6.061593E1 -5.982643E0
6.064923E1 -4.599874E0
6.068254E1 -2.911014E0
6.071584E1 -1.324019E0
6.074916E1 5.471311E-1
6.078246E1 2.099586E0
6.081577E1 3.830304E0
6.084907E1 5.249323E0
6.088238E1 6.604623E0
6.091568E1 7.786254E0
6.094899E1 9.071041E0
6.098229E1 9.816161E0
6.101560E1 1.012711E1
6.104890E1 1.050052E1
6.108221E1 1.007616E1
6.111551E1 9.726613E0
6.114882E1 9.406770E0
6.118212E1 8.269221E0
6.121543E1 7.114331E0
6.124873E1 5.859229E0
6.128204E1 4.531989E0
6.131534E1 3.025209E0
6.134866E1 1.334754E0
6.138196E1 -4.519199E-1
6.141527E1 -2.114862E0
6.144857E1 -3.776223E0
6.148188E1 -5.282544E0
6.151518E1 -6.589901E0
6.154849E1 -7.899112E0
6.158179E1 -8.804513E0
6.161510E1 -9.615910E0
6.164840E1 -1.011835E1
6.168171E1 -1.043022E1
6.171501E1 -1.040304E1
6.174832E1 -1.004950E1
6.178162E1 -9.539219E0
6.181493E1 -8.703947E0
6.184823E1 -7.290271E0
6.188154E1 -6.098536E0
6.191484E1 -4.663651E0
6.194816E1 -3.107635E0
6.198146E1 -1.450055E0
6.201477E1 2.588502E-1
6.204807E1 2.039164E0
6.208138E1 3.823689E0
6.211468E1 5.139050E0
6.214798E1 6.431940E0
6.218129E1 7.676441E0
6.221459E1 8.667952E0
6.224790E1 9.228956E0
6.228120E1 9.712709E0
6.231451E1 9.908722E0
6.234781E1 9.726894E0
6.238112E1 9.815513E0
6.241442E1 8.870118E0
6.244773E1 8.324577E0
6.248103E1 7.340886E0
6.251434E1 5.843732E0
6.254764E1 4.362730E0
6.258096E1 2.995133E0
6.261426E1 1.359097E0
6.264757E1 -2.323240E-1
6.268087E1 -1.968625E0
6.271418E1 -3.432362E0
6.274748E1 -4.927515E0
6.278079E1 -6.407948E0
6.281409E1 -7.874309E0
6.284740E1 -8.974035E0
6.288070E1 -9.740017E0
6.291401E1 -1.024377E1
6.294731E1 -1.070781E1
6.298062E1 -1.069148E1
6.301392E1 -1.014208E1
6.304723E1 -9.613809E0
6.308053E1 -8.594744E0
6.311384E1 -7.497696E0
6.314714E1 -6.124434E0
6.318046E1 -4.662852E0
6.321376E1 -2.923278E0
6.324707E1 -1.333255E0
6.328037E1 2.031621E-1
6.331368E1 1.829919E0
6.334698E1 3.624702E0
6.338029E1 5.014742E0
6.341359E1 6.540950E0
6.344690E1 7.704204E0
6.348020E1 8.214080E0
6.351351E1 9.276047E0
6.354681E1 9.686451E0
6.358012E1 9.832786E0
6.361342E1 9.787189E0
6.364673E1 9.347771E0
6.368003E1 8.964355E0
6.371334E1 8.157792E0
6.374664E1 7.088531E0
6.377996E1 5.950801E0
6.381326E1 4.519861E0
6.384657E1 2.945219E0
6.387987E1 1.385439E0
6.391318E1 -2.956772E-1
6.394648E1 -1.876723E0
6.397978E1 -3.341446E0
6.401309E1 -4.876900E0
6.404639E1 -6.193497E0
6.407970E1 -7.314874E0
6.411300E1 -8.344100E0
6.414631E1 -9.082866E0
6.417961E1 -9.605004E0
6.421292E1 -9.888146E0
6.424622E1 -9.883595E0
6.427953E1 -9.680326E0
6.431283E1 -9.111697E0
6.434614E1 -8.396946E0
6.437944E1 -7.477088E0
6.441276E1 -6.112597E0
6.444606E1 -4.872085E0
6.447937E1 -3.408928E0
6.451267E1 -1.755514E0
6.454598E1 -2.974399E-2
6.457928E1 1.521337E0
6.461259E1 3.069877E0
6.464589E1 4.674767E0
6.467920E1 5.959511E0
6.471250E1 7.189766E0
6.474581E1 8.194127E0
6.477911E1 8.963805E0
6.481242E1 9.197520E0
6.484572E1 9.646939E0
6.487903E1 9.747910E0
6.491233E1 9.852846E0
6.494564E1 8.768757E0
6.497894E1 7.852485E0
6.501226E1 6.626940E0
6.504556E1 5.370004E0
6.507887E1 4.458623E0
6.511217E1 2.987584E0
6.514548E1 1.999289E0
6.517878E1 1.512774E-1
6.521209E1 -1.483292E0
6.524539E1 -3.353641E0
6.527870E1 -4.803004E0
6.531200E1 -6.084273E0
6.534531E1 -7.365458E0
6.537861E1 -8.522550E0
6.541192E1 -9.149556E0
6.544522E1 -9.466543E0
6.547853E1 -9.524006E0
6.551183E1 -9.519074E0
6.554514E1 -9.187743E0
6.557844E1 -8.275276E0
6.561176E1 -7.515243E0
6.564506E1 -6.448950E0
6.567837E1 -5.446352E0
6.571167E1 -4.476355E0
6.574498E1 -2.909328E0
6.577828E1 -1.571943E0
6.581158E1 2.940749E-1
6.584489E1 1.928493E0
6.587819E1 3.473653E0
6.591150E1 5.065818E0
6.594480E1 6.385488E0
6.597811E1 7.522876E0
6.601141E1 8.683567E0
6.604472E1 9.467464E0
6.607802E1 9.873302E0
6.611133E1 9.689313E0
6.614463E1 9.635586E0
6.617794E1 9.310450E0
6.621124E1 8.676351E0
6.624456E1 7.626515E0
6.627786E1 6.745195E0
6.631117E1 5.555761E0
6.634447E1 4.495025E0
6.637778E1 3.000081E0
6.641108E1 1.532732E0
6.644439E1 -1.168586E-1
6.647769E1 -1.434827E0
6.651100E1 -3.175420E0
6.654430E1 -4.620158E0
6.657761E1 -6.078340E0
6.661091E1 -7.379395E0
6.664422E1 -8.166652E0
6.667752E1 -9.100169E0
6.671083E1 -9.438200E0
6.674413E1 -9.691691E0
6.677744E1 -9.672088E0
6.681074E1 -9.545713E0
6.684406E1 -9.144962E0
6.687736E1 -8.463872E0
6.691067E1 -6.555889E0
6.694397E1 -5.331146E0
6.697728E1 -4.024184E0
6.701058E1 -2.677097E0
6.704389E1 -1.473209E0
6.707719E1 -1.261724E-1
6.711050E1 1.456225E0
6.714380E1 2.977174E0
6.717711E1 4.451074E0
6.721041E1 5.818195E0
6.724372E1 7.003503E0
6.727702E1 8.030382E0
6.731033E1 8.560583E0
6.734363E1 9.077014E0
6.737694E1 9.254275E0
6.741024E1 9.312857E0
6.744356E1 8.919998E0
6.747686E1 8.389421E0
6.751017E1 7.701300E0
6.754347E1 6.779162E0
6.757678E1 5.683950E0
6.761008E1 4.393756E0
6.764338E1 3.017048E0
6.767669E1 2.024002E0
6.770999E1 6.766613E-1
6.774330E1 -1.125560E0
6.777660E1 -2.809451E0
6.780991E1 -3.676030E0
6.784321E1 -5.588115E0
6.787652E1 -6.921382E0
6.790982E1 -7.974343E0
6.794313E1 -8.827203E0
6.797643E1 -9.502015E0
6.800974E1 -9.550676E0
6.804304E1 -9.565694E0
6.807636E1 -9.273262E0
6.810966E1 -8.493479E0
6.814297E1 -7.760315E0
6.817627E1 -6.780884E0
6.820958E1 -5.764271E0
6.824288E1 -4.223981E0
6.827619E1 -2.763535E0
6.830949E1 -1.376167E0
6.834280E1 1.463807E-1
6.837610E1 1.816659E0
6.840941E1 3.001158E0
6.844271E1 4.516484E0
6.847602E1 5.890553E0
6.850932E1 7.081380E0
6.854263E1 8.030107E0
6.857593E1 8.844778E0
6.860924E1 9.350111E0
6.864254E1 9.565121E0
6.867586E1 9.555207E0
6.870916E1 9.285783E0
6.874247E1 8.540331E0
6.877577E1 7.996414E0
6.880908E1 6.799973E0
6.884238E1 5.673822E0
6.887569E1 4.341305E0
6.890899E1 3.095328E0
6.894230E1 1.581892E0
6.897560E1 -9.230042E-2
6.900891E1 -1.464472E0
6.904221E1 -3.013111E0
6.907552E1 -4.472384E0
6.910882E1 -5.708603E0
6.914213E1 -6.980997E0
6.917543E1 -8.085311E0
6.920874E1 -8.812615E0
6.924204E1 -9.208929E0
6.927536E1 -9.528607E0
6.930866E1 -9.561056E0
6.934197E1 -9.285784E0
6.937527E1 -8.738181E0
6.940858E1 -7.850555E0
6.944188E1 -6.928116E0
6.947518E1 -5.804871E0
6.950849E1 -4.384770E0
6.954179E1 -3.009616E0
6.957510E1 -1.684651E0
6.960840E1 -6.329831E-1
6.964171E1 1.043245E0
6.967501E1 2.672223E0
6.970832E1 3.980224E0
6.974162E1 5.277007E0
6.977493E1 6.567028E0
6.980823E1 7.367574E0
6.984154E1 8.141276E0
6.987484E1 8.866031E0
6.990816E1 9.247324E0
6.994146E1 9.252699E0
6.997477E1 8.949696E0
7.000807E1 8.487082E0
7.004138E1 7.749342E0
7.007468E1 6.747300E0
7.010799E1 5.893299E0
7.014129E1 4.444198E0
7.017460E1 3.274767E0
7.020790E1 1.666134E0
7.024121E1 1.276353E-1
7.027451E1 -1.190714E0
7.030782E1 -2.594158E0
7.034112E1 -4.307527E0
7.037443E1 -5.549876E0
7.040773E1 -6.909092E0
7.044104E1 -7.807702E0
7.047434E1 -8.713576E0
7.050766E1 -9.229812E0
7.054096E1 -9.325619E0
7.057427E1 -9.352984E0
7.060757E1 -9.254213E0
7.064088E1 -8.800497E0
7.067418E1 -8.235681E0
7.070749E1 -7.513564E0
7.074079E1 -6.261840E0
7.077410E1 -5.031436E0
7.080740E1 -3.651512E0
7.084071E1 -2.156507E0
7.087401E1 -6.107671E-1
7.090732E1 9.500265E-1
7.094062E1 2.515479E0
7.097393E1 4.194200E0
7.100723E1 5.408258E0
7.104054E1 6.495922E0
7.107384E1 7.723742E0
7.110716E1 8.234014E0
7.114046E1 8.891293E0
7.117377E1 8.794724E0
7.120707E1 8.807913E0
7.124038E1 9.004716E0
7.127368E1 8.527136E0
7.130698E1 7.817441E0
7.134029E1 6.831795E0
7.137359E1 5.665702E0
7.140690E1 4.449170E0
7.144020E1 3.142429E0
7.147351E1 1.767489E0
7.150681E1 2.205047E-1
7.154012E1 -1.213702E0
7.157342E1 -2.749936E0
7.160673E1 -4.230404E0
7.164003E1 -5.552894E0
7.167334E1 -6.841057E0
7.170664E1 -7.849065E0
7.173996E1 -8.710556E0
7.177326E1 -9.321511E0
7.180657E1 -9.752925E0
7.183987E1 -9.863507E0
7.187318E1 -9.720742E0
7.190648E1 -9.151206E0
7.193979E1 -8.476682E0
7.197309E1 -7.249887E0
7.200640E1 -6.227464E0
7.203970E1 -4.927780E0
7.207301E1 -3.607671E0
7.210631E1 -2.111497E0
7.213962E1 -4.951944E-1
7.217292E1 8.975708E-1
7.220623E1 2.375333E0
7.223953E1 3.933369E0
7.227284E1 5.035919E0
7.230614E1 6.287899E0
7.233946E1 7.186716E0
7.237276E1 8.088823E0
7.240607E1 8.599929E0
7.243937E1 8.942789E0
7.247268E1 9.010259E0
7.250598E1 9.031804E0
7.253929E1 8.447483E0
7.257259E1 7.646652E0
7.260590E1 7.077826E0
7.263920E1 6.053312E0
7.267251E1 4.466504E0
7.270581E1 3.562988E0
7.273912E1 2.178362E0
7.277242E1 6.735395E-1
7.280573E1 -7.645462E-1
7.283903E1 -2.431414E0
7.287234E1 -3.852747E0
7.290564E1 -4.811513E0
7.293896E1 -5.852427E0
7.297226E1 -7.002769E0
7.300557E1 -8.081132E0
7.303887E1 -8.381226E0
7.307218E1 -8.793326E0
7.310548E1 -8.854121E0
7.313878E1 -8.954196E0
7.317209E1 -8.348095E0
7.320539E1 -7.971463E0
7.323870E1 -6.777695E0
7.327200E1 -6.236204E0
7.330531E1 -4.775791E0
7.333861E1 -3.294424E0
7.337192E1 -1.884936E0
7.340522E1 -6.145112E-1
7.343853E1 8.123282E-1
7.347183E1 2.374043E0
7.350514E1 3.874759E0
7.353844E1 5.105824E0
7.357176E1 6.286132E0
7.360506E1 7.235263E0
7.363837E1 8.106287E0
7.367167E1 8.561102E0
7.370498E1 8.834988E0
7.373828E1 8.868456E0
7.377159E1 8.804088E0
7.380489E1 8.442793E0
7.383820E1 7.831897E0
7.387150E1 7.056680E0
7.390481E1 5.925718E0
7.393811E1 4.656850E0
7.397142E1 3.437693E0
7.400472E1 2.045549E0
7.403803E1 6.126466E-1
7.407133E1 -6.950840E-1
7.410464E1 -2.267680E0
7.413794E1 -3.775418E0
7.417126E1 -5.197020E0
7.420456E1 -6.381320E0
7.423787E1 -7.503486E0
7.427117E1 -8.165995E0
7.430448E1 -8.662505E0
7.433778E1 -9.090813E0
7.437109E1 -9.116604E0
7.440439E1 -8.984674E0
7.443770E1 -8.613142E0
7.447100E1 -8.293568E0
7.450431E1 -7.033696E0
7.453761E1 -6.005306E0
7.457092E1 -4.819565E0
7.460422E1 -3.482367E0
7.463753E1 -2.085042E0
7.467083E1 -6.944326E-1
7.470414E1 8.850888E-1
7.473744E1 2.422257E0
7.477076E1 3.734115E0
7.480406E1 4.902684E0
7.483737E1 5.991586E0
7.487067E1 7.017234E0
7.490398E1 7.985629E0
7.493728E1 8.353786E0
7.497058E1 8.765330E0
7.500389E1 8.763058E0
7.503719E1 8.462111E0
7.507050E1 8.104791E0
7.510380E1 7.545459E0
7.513711E1 6.722509E0
7.517041E1 6.045413E0
7.520372E1 4.727231E0
7.523702E1 3.477477E0
7.527033E1 2.045494E0
7.530363E1 5.701521E-1
7.533694E1 -7.480793E-1
7.537024E1 -2.334363E0
7.540356E1 -3.626461E0
7.543686E1 -5.075017E0
7.547017E1 -6.354678E0
7.550347E1 -7.420528E0
7.553678E1 -8.237919E0
7.557008E1 -8.666227E0
7.560339E1 -9.099470E0
7.563669E1 -9.158303E0
7.567000E1 -8.985107E0
7.570330E1 -8.645394E0
7.573661E1 -7.974398E0
7.576991E1 -7.047062E0
7.580322E1 -6.210298E0
7.583652E1 -4.943680E0
7.586983E1 -3.703707E0
7.590313E1 -2.052843E0
7.593644E1 -5.770309E-1
7.596974E1 8.342772E-1
7.600306E1 2.309031E0
7.603636E1 3.772355E0
7.606967E1 4.939658E0
7.610297E1 5.938508E0
7.613628E1 6.872045E0
7.616958E1 7.599075E0
7.620289E1 8.469401E0
7.623619E1 8.643542E0
7.626950E1 8.974334E0
7.630280E1 8.461467E0
7.633611E1 8.286634E0
7.636941E1 7.679847E0
7.640272E1 6.847764E0
7.643602E1 6.089903E0
7.646933E1 4.971924E0
7.650263E1 3.747705E0
7.653594E1 2.160958E0
7.656924E1 7.455943E-1
7.660256E1 -6.443668E-1
7.663586E1 -2.068040E0
7.666917E1 -3.256293E0
7.670247E1 -4.401529E0
7.673578E1 -5.764394E0
7.676908E1 -6.590846E0
7.680238E1 -7.326226E0
7.683569E1 -8.028461E0
7.686899E1 -8.722905E0
7.690230E1 -8.967794E0
7.693560E1 -8.887021E0
7.696891E1 -8.369230E0
7.700221E1 -7.966210E0
7.703552E1 -7.054868E0
7.706882E1 -6.134356E0
7.710213E1 -5.114558E0
7.713543E1 -3.574629E0
7.716874E1 -2.005561E0
7.720204E1 -5.144900E-1
7.723536E1 1.021455E0
7.726866E1 2.052619E0
7.730197E1 3.532771E0
7.733527E1 4.863274E0
7.736858E1 5.854136E0
7.740188E1 6.758144E0
7.743519E1 7.525399E0
7.746849E1 8.092829E0
7.750180E1 8.428893E0
7.753510E1 8.636546E0
7.756841E1 8.367866E0
7.760171E1 8.249124E0
7.763502E1 7.375835E0
7.766832E1 6.995725E0
7.770163E1 6.025100E0
7.773493E1 4.750254E0
7.776824E1 3.534907E0
7.780154E1 2.236773E0
7.783486E1 7.849070E-1
7.786816E1 -4.931730E-1
7.790147E1 -2.069906E0
7.793477E1 -3.573523E0
7.796808E1 -4.843000E0
7.800138E1 -5.809395E0
7.803469E1 -6.987586E0
7.806799E1 -7.879679E0
7.810130E1 -8.269425E0
7.813460E1 -8.788209E0
7.816791E1 -8.855350E0
7.820121E1 -8.350472E0
7.823452E1 -8.172904E0
7.826782E1 -7.683787E0
7.830113E1 -7.021726E0
7.833443E1 -6.017784E0
7.836774E1 -4.737976E0
7.840104E1 -3.504049E0
7.843436E1 -2.398491E0
7.846766E1 -9.244140E-1
7.850097E1 4.311406E-1
7.853427E1 1.837782E0
7.856758E1 3.543084E0
7.860088E1 4.878693E0
7.863418E1 5.917869E0
7.866749E1 6.682756E0
7.870079E1 7.252994E0
7.873410E1 7.841773E0
7.876740E1 8.287223E0
7.880071E1 8.416852E0
7.883401E1 8.424557E0
7.886732E1 8.491092E0
7.890062E1 7.722312E0
7.893393E1 7.002002E0
7.896723E1 5.784201E0
7.900054E1 4.623475E0
7.903384E1 3.490404E0
7.906716E1 2.269420E0
7.910046E1 8.152975E-1
7.913377E1 -5.152136E-1
7.916707E1 -1.877454E0
7.920038E1 -3.237051E0
7.923368E1 -4.439503E0
7.926699E1 -5.852753E0
7.930029E1 -6.572121E0
7.933360E1 -7.639455E0
7.936690E1 -8.391069E0
7.940021E1 -8.559790E0
7.943351E1 -8.824358E0
7.946682E1 -8.590954E0
7.950012E1 -8.233320E0
7.953343E1 -7.649954E0
7.956673E1 -7.005316E0
7.960004E1 -6.193617E0
7.963334E1 -5.139318E0
7.966666E1 -3.801449E0
7.969996E1 -2.349906E0
7.973327E1 -7.650848E-1
7.976657E1 4.516429E-1
7.979988E1 2.109184E0
7.983318E1 3.082492E0
7.986649E1 4.587424E0
7.989979E1 5.750883E0
7.993310E1 6.512621E0
7.996640E1 7.216258E0
7.999971E1 7.801078E0
8.003301E1 8.186512E0
8.006632E1 8.317303E0
8.009962E1 8.186064E0
8.013293E1 7.778004E0
8.016623E1 7.195879E0
8.019954E1 6.753390E0
8.023284E1 5.798992E0
8.026616E1 4.753548E0
8.029946E1 3.433294E0
8.033277E1 2.105360E0
8.036607E1 7.799545E-1
8.039938E1 -5.654719E-1
8.043268E1 -1.903224E0
8.046598E1 -3.224523E0
8.049929E1 -4.537586E0
8.053259E1 -5.719764E0
8.056590E1 -6.699677E0
8.059920E1 -7.507995E0
8.063251E1 -8.036792E0
8.066581E1 -8.462453E0
8.069912E1 -8.719491E0
8.073242E1 -8.696370E0
8.076573E1 -8.448495E0
8.079903E1 -7.883819E0
8.083234E1 -7.268870E0
8.086564E1 -6.317783E0
8.089896E1 -5.069899E0
8.093226E1 -3.796919E0
8.096557E1 -2.325139E0
8.099887E1 -7.627727E-1
8.103218E1 3.537793E-1
8.106548E1 1.742394E0
8.109879E1 3.221932E0
8.113209E1 4.583596E0
8.116540E1 5.545095E0
8.119870E1 6.666484E0
8.123201E1 7.374788E0
8.126531E1 7.894111E0
8.129862E1 8.238910E0
8.133192E1 8.402504E0
8.136523E1 8.389684E0
8.139853E1 8.293801E0
8.143184E1 7.396529E0
8.146514E1 6.673652E0
8.149846E1 6.127121E0
8.153176E1 4.842864E0
8.156507E1 3.659228E0
8.159837E1 2.358421E0
8.163168E1 8.814802E-1
8.166498E1 -3.918696E-1
8.169829E1 -1.854770E0
8.173159E1 -3.239992E0
8.176490E1 -4.486883E0
8.179820E1 -5.621216E0
8.183151E1 -6.281252E0
8.186481E1 -6.972777E0
8.189812E1 -7.713831E0
8.193142E1 -8.105812E0
8.196473E1 -8.351158E0
8.199803E1 -8.334869E0
8.203134E1 -8.256784E0
8.206464E1 -7.636882E0
8.209796E1 -7.024508E0
8.213126E1 -6.031695E0
8.216457E1 -4.696773E0
8.219787E1 -3.642197E0
8.223118E1 -2.433890E0
8.226448E1 -1.142762E0
8.229778E1 5.420286E-1
8.233109E1 1.710903E0
8.236439E1 3.044346E0
8.239770E1 4.220922E0
8.243100E1 5.391605E0
8.246431E1 6.336978E0
8.249761E1 6.940280E0
8.253092E1 7.513633E0
8.256422E1 7.799235E0
8.259753E1 7.994128E0
8.263083E1 7.953739E0
8.266414E1 7.710582E0
8.269744E1 7.262840E0
8.273076E1 6.425713E0
8.276406E1 5.626182E0
8.279737E1 4.690975E0
8.283067E1 3.537010E0
8.286398E1 2.422140E0
8.289728E1 1.139351E0
8.293059E1 -1.819222E-1
8.296389E1 -1.595121E0
8.299720E1 -2.914818E0
8.303050E1 -4.317700E0
8.306381E1 -5.415387E0
8.309711E1 -6.425525E0
8.313042E1 -7.006866E0
8.316372E1 -7.809601E0
8.319703E1 -8.077533E0
8.323033E1 -8.265543E0
8.326364E1 -8.245252E0
8.329694E1 -7.995111E0
8.333026E1 -7.531819E0
8.336356E1 -6.964267E0
8.339687E1 -6.216293E0
8.343017E1 -4.979162E0
8.346348E1 -3.714047E0
8.349678E1 -2.496964E0
8.353009E1 -1.219301E0
8.356339E1 3.311492E-1
8.359670E1 1.593773E0
8.363000E1 2.881471E0
8.366331E1 4.060069E0
8.369661E1 5.161323E0
8.372992E1 6.024717E0
8.376322E1 6.986245E0
8.379653E1 7.486178E0
8.382983E1 7.966137E0
8.386314E1 8.141250E0
8.389644E1 8.143572E0
8.392976E1 7.646017E0
8.396306E1 7.087313E0
8.399637E1 6.507926E0
8.402967E1 5.681767E0
8.406298E1 4.550371E0
8.409628E1 3.450530E0
8.412958E1 2.120716E0
8.416289E1 8.689762E-1
8.419619E1 -1.602568E-1
8.422950E1 -1.637564E0
8.426280E1 -3.135483E0
8.429611E1 -4.320550E0
8.432941E1 -5.548466E0
8.436272E1 -6.395903E0
8.439602E1 -7.224950E0
8.442933E1 -7.985482E0
8.446263E1 -8.317243E0
8.449594E1 -8.496623E0
8.452924E1 -8.518291E0
8.456256E1 -8.156047E0
8.459586E1 -7.720306E0
8.462917E1 -7.126222E0
8.466247E1 -6.235826E0
8.469578E1 -5.148833E0
8.472908E1 -3.871378E0
8.476239E1 -2.654616E0
8.479569E1 -1.286513E0
8.482900E1 -2.001468E-2
8.486230E1 1.432133E0
8.489561E1 2.838020E0
8.492891E1 4.127857E0
8.496222E1 5.325886E0
8.499552E1 6.204555E0
8.502883E1 6.990705E0
8.506213E1 7.465844E0
8.509544E1 7.815455E0
8.512874E1 8.136091E0
8.516206E1 8.101664E0
8.519536E1 7.544984E0
8.522867E1 7.034990E0
8.526197E1 6.373595E0
8.529528E1 5.591514E0
8.532858E1 4.474895E0
8.536189E1 3.540515E0
8.539519E1 2.357715E0
8.542850E1 1.187475E0
8.546180E1 -2.338708E-1
8.549511E1 -1.456782E0
8.552841E1 -2.756115E0
8.556172E1 -3.980309E0
8.559502E1 -5.048220E0
8.562833E1 -6.132165E0
8.566163E1 -7.047546E0
8.569494E1 -7.602759E0
8.572824E1 -8.016177E0
8.576156E1 -8.059906E0
8.579486E1 -8.046888E0
8.582817E1 -7.687626E0
8.586147E1 -7.222553E0
8.589478E1 -6.713090E0
8.592808E1 -6.008787E0
8.596138E1 -4.919386E0
8.599469E1 -3.979266E0
8.602799E1 -2.720546E0
8.606130E1 -1.311995E0
8.609460E1 9.492635E-2
8.612791E1 1.376663E0
8.616121E1 2.841069E0
8.619452E1 3.882206E0
8.622782E1 4.982533E0
8.626113E1 5.793556E0
8.629443E1 6.798016E0
8.632774E1 7.382422E0
8.636104E1 7.861729E0
8.639436E1 7.813444E0
8.642766E1 7.802722E0
8.646097E1 7.701060E0
8.649427E1 7.157283E0
8.652758E1 6.473755E0
8.656088E1 5.689174E0
8.659419E1 4.860546E0
8.662749E1 3.649233E0
8.666080E1 2.514748E0
8.669410E1 1.079469E0
8.672741E1 -2.322501E-1
8.676071E1 -1.424783E0
8.679402E1 -2.611221E0
8.682732E1 -3.652796E0
8.686063E1 -4.849346E0
8.689393E1 -5.858419E0
8.692724E1 -6.649261E0
8.696054E1 -7.229446E0
8.699386E1 -7.564245E0
8.702716E1 -7.892070E0
8.706047E1 -7.896028E0
8.709377E1 -7.702301E0
8.712708E1 -7.376343E0
8.716038E1 -6.764764E0
8.719369E1 -6.038147E0
8.722699E1 -4.853036E0
8.726030E1 -3.634312E0
8.729360E1 -2.517506E0
8.732691E1 -1.141489E0
8.736021E1 1.628771E-1
8.739352E1 1.538552E0
8.742682E1 2.592170E0
8.746013E1 3.820476E0
8.749343E1 4.901223E0
8.752674E1 5.877223E0
8.756004E1 6.484852E0
8.759336E1 7.071043E0
8.762666E1 7.714563E0
8.765997E1 7.787096E0
8.769327E1 7.801518E0
8.772658E1 7.667382E0
8.775988E1 7.024198E0
8.779318E1 6.721362E0
8.782649E1 5.998843E0
8.785979E1 5.109704E0
8.789310E1 3.978631E0
8.792640E1 2.651162E0
8.795971E1 1.323844E0
8.799301E1 -9.652416E-2
8.802632E1 -1.307589E0
8.805962E1 -2.538645E0
8.809293E1 -3.700726E0
8.812623E1 -4.871026E0
8.815954E1 -5.938713E0
8.819284E1 -6.798563E0
8.822616E1 -7.442459E0
8.825946E1 -8.159353E0
8.829277E1 -8.288025E0
8.832607E1 -8.301201E0
8.835938E1 -8.129248E0
8.839268E1 -7.435913E0
8.842599E1 -6.913085E0
8.845929E1 -5.677391E0
8.849260E1 -4.678492E0
8.852590E1 -3.708847E0
8.855921E1 -2.659677E0
8.859251E1 -1.150483E0
8.862582E1 2.484716E-1
8.865912E1 1.452553E0
8.869243E1 2.498853E0
8.872573E1 3.567402E0
8.875904E1 4.674618E0
8.879234E1 5.704782E0
8.882566E1 6.619204E0
8.885896E1 7.139600E0
8.889227E1 7.342264E0
8.892557E1 7.578731E0
8.895888E1 7.594169E0
8.899218E1 7.351613E0
8.902549E1 7.083092E0
8.905879E1 6.519032E0
8.909210E1 5.836645E0
8.912540E1 5.062073E0
8.915871E1 3.664358E0
8.919201E1 2.495936E0
8.922532E1 1.300630E0
8.925862E1 -9.975246E-2
8.929193E1 -1.082510E0
8.932523E1 -2.397902E0
8.935854E1 -3.805124E0
8.939184E1 -4.733457E0
8.942516E1 -5.641193E0
8.945846E1 -6.623655E0
8.949177E1 -7.258275E0
8.952507E1 -7.744059E0
8.955838E1 -7.890181E0
8.959168E1 -7.922043E0
8.962498E1 -7.645002E0
8.965829E1 -7.260514E0
8.969159E1 -6.503398E0
8.972490E1 -5.634422E0
8.975820E1 -4.692945E0
8.979151E1 -3.477054E0
8.982481E1 -2.480100E0
8.985812E1 -1.352497E0
8.989142E1 -2.824501E-2
8.992473E1 1.082682E0
8.995803E1 2.433270E0
8.999134E1 3.584785E0
9.002464E1 4.678160E0
9.005796E1 5.567824E0
9.009126E1 6.524671E0
9.012457E1 6.999263E0
9.015787E1 7.568513E0
9.019118E1 7.746880E0
9.022448E1 7.757761E0
9.025779E1 7.401697E0
9.029109E1 7.067754E0
9.032440E1 6.432739E0
9.035770E1 5.782807E0
9.039101E1 4.992020E0
9.042431E1 3.948882E0
9.045762E1 2.639471E0
9.049092E1 1.331132E0
9.052423E1 2.365788E-2
9.055753E1 -1.296343E0
9.059084E1 -2.466615E0
9.062414E1 -3.506863E0
9.065746E1 -4.945714E0
9.069076E1 -5.857185E0
9.072407E1 -6.801486E0
9.075737E1 -7.436390E0
9.079068E1 -7.833609E0
9.082398E1 -7.839585E0
9.085729E1 -7.859179E0
9.089059E1 -7.899217E0
9.092390E1 -7.276736E0
9.095720E1 -6.780716E0
9.099051E1 -5.877220E0
9.102381E1 -4.818762E0
9.105712E1 -3.589704E0
9.109042E1 -2.413177E0
9.112373E1 -1.221776E0
9.115703E1 -1.621366E-1
9.119034E1 1.209509E0
9.122364E1 2.327491E0
9.125696E1 3.505687E0
9.129026E1 4.495324E0
9.132357E1 5.449871E0
9.135687E1 6.068529E0
9.139018E1 6.733996E0
9.142348E1 7.157919E0
9.145678E1 7.242639E0
9.149009E1 7.227843E0
9.152339E1 7.245335E0
9.155670E1 6.804981E0
9.159000E1 6.073958E0
9.162331E1 5.217590E0
9.165661E1 4.413662E0
9.168992E1 3.399998E0
9.172322E1 2.132622E0
9.175653E1 1.077885E0
9.178983E1 -1.769498E-1
9.182314E1 -1.475639E0
9.185644E1 -2.644886E0
9.188976E1 -3.748936E0
9.192306E1 -4.798716E0
9.195637E1 -5.702060E0
9.198967E1 -6.610190E0
9.202298E1 -7.301465E0
9.205628E1 -7.478581E0
9.208959E1 -7.806745E0
9.212289E1 -7.806385E0
9.215620E1 -7.868406E0
9.218950E1 -7.529079E0
9.222281E1 -6.887010E0
9.225611E1 -6.103210E0
9.228942E1 -5.128844E0
9.232272E1 -3.998976E0
9.235603E1 -2.683990E0
9.238933E1 -1.435627E0
9.242264E1 -5.149035E-2
9.245594E1 1.084911E0
9.248926E1 2.314934E0
9.252256E1 3.403021E0
9.255587E1 4.432178E0
9.258917E1 5.308081E0
9.262248E1 6.087175E0
9.265578E1 6.742404E0
9.268909E1 7.220826E0
9.272239E1 7.432551E0
9.275570E1 7.422416E0
9.278900E1 7.224774E0
9.282231E1 6.840467E0
9.285561E1 6.231368E0
9.288892E1 5.497217E0
9.292222E1 4.741175E0
9.295553E1 3.529467E0
9.298883E1 2.451389E0
9.302214E1 1.276302E0
9.305544E1 1.620030E-1
9.308876E1 -1.157900E0
9.312206E1 -2.302758E0
9.315537E1 -3.662377E0
9.318867E1 -4.766193E0
9.322198E1 -5.607226E0
9.325528E1 -6.527227E0
9.328858E1 -7.165194E0
9.332189E1 -7.393971E0
9.335519E1 -7.728824E0
9.338850E1 -7.721599E0
9.342180E1 -7.539285E0
9.345511E1 -6.879337E0
9.348841E1 -6.258262E0
9.352172E1 -5.532762E0
9.355502E1 -4.559199E0
9.358833E1 -3.532368E0
9.362163E1 -2.463781E0
9.365494E1 -1.165080E0
9.368824E1 -2.445180E-2
9.372156E1 1.261174E0
9.375486E1 2.313441E0
9.378817E1 3.362513E0
9.382147E1 4.271646E0
9.385478E1 5.168613E0
9.388808E1 5.993945E0
9.392139E1 6.645234E0
9.395469E1 7.183455E0
9.398800E1 7.400856E0
9.402130E1 7.403777E0
9.405461E1 7.372622E0
9.408791E1 6.738072E0
9.412122E1 6.159009E0
9.415452E1 5.562026E0
9.418783E1 4.686230E0
9.422113E1 3.619629E0
9.425444E1 2.509087E0
9.428774E1 1.394616E0
9.432106E1 3.217759E-1
9.435436E1 -1.075894E0
9.438767E1 -2.202073E0
9.442097E1 -3.421129E0
9.445428E1 -4.618733E0
9.448758E1 -5.513051E0
9.452089E1 -6.378185E0
9.455419E1 -6.731256E0
9.458750E1 -7.190512E0
9.462080E1 -7.410436E0
9.465411E1 -7.401239E0
9.468741E1 -7.259986E0
9.472072E1 -6.878287E0
9.475402E1 -6.416650E0
9.478733E1 -5.679893E0
9.482063E1 -4.807377E0
9.485394E1 -3.920730E0
9.488724E1 -2.773650E0
9.492056E1 -1.426427E0
9.495386E1 -2.634257E-1
9.498717E1 9.354396E-1
9.502047E1 2.144075E0
9.505378E1 3.150563E0
9.508708E1 4.251703E0
9.512038E1 5.143063E0
9.515369E1 6.119099E0
9.518699E1 6.562983E0
9.522030E1 7.064649E0
9.525360E1 7.470491E0
9.528691E1 7.497161E0
9.532021E1 7.378725E0
9.535352E1 6.799574E0
9.538682E1 6.429693E0
9.542013E1 5.370342E0
9.545343E1 4.730070E0
9.548674E1 3.669440E0
9.552004E1 2.632740E0
9.555336E1 1.589672E0
9.558666E1 3.978255E-1
9.561997E1 -6.494455E-1
9.565327E1 -1.846414E0
9.568658E1 -2.914546E0
9.571988E1 -4.324667E0
9.575319E1 -5.153637E0
9.578649E1 -5.984444E0
9.581980E1 -6.568303E0
9.585310E1 -7.196256E0
9.588641E1 -7.498245E0
9.591971E1 -7.504050E0
9.595302E1 -7.403120E0
9.598632E1 -6.768159E0
9.601963E1 -6.139451E0
9.605293E1 -5.406882E0
9.608624E1 -4.486395E0
9.611954E1 -3.838601E0
9.615286E1 -2.689840E0
9.618616E1 -1.415069E0
9.621947E1 -1.136527E-1
9.625277E1 1.137625E0
9.628608E1 2.314042E0
9.631938E1 3.402987E0
9.635269E1 4.457556E0
9.638599E1 5.478233E0
9.641930E1 6.081479E0
9.645260E1 6.875341E0
9.648591E1 7.175508E0
9.651921E1 7.450102E0
9.655252E1 7.456872E0
9.658582E1 7.163766E0
9.661913E1 7.201300E0
9.665243E1 6.616302E0
9.668574E1 5.641343E0
9.671904E1 4.849450E0
9.675236E1 3.605796E0
9.678566E1 2.502929E0
9.681897E1 1.569625E0
9.685227E1 2.300129E-1
9.688558E1 -1.023582E0
9.691888E1 -2.213876E0
9.695218E1 -3.291204E0
9.698549E1 -4.186096E0
9.701879E1 -5.137557E0
9.705210E1 -6.015293E0
9.708540E1 -6.886504E0
9.711871E1 -7.435571E0
9.715201E1 -7.659034E0
9.718532E1 -7.653129E0
9.721862E1 -7.458133E0
9.725193E1 -6.885932E0
9.728523E1 -6.342599E0
9.731854E1 -5.474611E0
9.735184E1 -4.679484E0
9.738516E1 -3.630590E0
9.741846E1 -2.708772E0
9.745177E1 -1.538410E0
9.748507E1 -3.148029E-1
9.751838E1 8.674796E-1
9.755168E1 2.120521E0
9.758499E1 3.355798E0
9.761829E1 4.456820E0
9.765160E1 5.258411E0
9.768490E1 6.217876E0
9.771821E1 6.774617E0
9.775151E1 6.743798E0
9.778482E1 7.103234E0
9.781812E1 7.063910E0
9.785143E1 6.864677E0
9.788473E1 6.554698E0
9.791804E1 6.167376E0
9.795134E1 5.519492E0
9.798466E1 4.574278E0
9.801796E1 3.617069E0
9.805127E1 2.545046E0
9.808457E1 1.513464E0
9.811788E1 4.994332E-1
9.815118E1 -1.016735E0
9.818449E1 -2.071323E0
9.821779E1 -3.374808E0
9.825110E1 -4.506841E0
9.828440E1 -5.356764E0
9.831771E1 -5.941192E0
9.835101E1 -6.553358E0
9.838432E1 -7.050579E0
9.841762E1 -7.522650E0
9.845093E1 -7.668062E0
9.848423E1 -7.170528E0
9.851754E1 -6.997369E0
9.855084E1 -6.464338E0
9.858416E1 -5.782713E0
9.861746E1 -4.793911E0
9.865077E1 -3.908016E0
9.868407E1 -2.871308E0
9.871738E1 -1.789460E0
9.875068E1 -4.558541E-1
9.878398E1 7.568152E-1
9.881729E1 2.039540E0
9.885059E1 3.213680E0
9.888390E1 4.056917E0
9.891720E1 4.843694E0
9.895051E1 5.615132E0
9.898381E1 6.253763E0
9.901712E1 6.747420E0
9.905042E1 7.144053E0
9.908373E1 7.154151E0
9.911703E1 6.971291E0
9.915034E1 6.691648E0
9.918364E1 6.036119E0
9.921696E1 5.377664E0
9.925026E1 4.416836E0
9.928357E1 3.625006E0
9.931687E1 2.584093E0
9.935018E1 1.402276E0
9.938348E1 2.238391E-1
9.941679E1 -7.751229E-1
9.945009E1 -1.803895E0
9.948340E1 -3.048895E0
9.951670E1 -3.989526E0
9.955001E1 -4.963820E0
9.958331E1 -5.723789E0
9.961662E1 -6.536266E0
9.964992E1 -6.960242E0
9.968323E1 -7.284260E0
9.971653E1 -7.413821E0
9.974984E1 -7.039860E0
9.978314E1 -6.628779E0
9.981646E1 -6.004498E0
9.984976E1 -5.257929E0
9.988307E1 -4.667206E0
9.991637E1 -3.584683E0
9.994968E1 -2.532813E0
9.998298E1 -1.466233E0
1.000163E2 -3.811315E-1
1.000496E2 9.211304E-1
1.000829E2 2.164983E0
1.001162E2 3.098075E0
1.001495E2 4.359686E0
1.001828E2 5.103592E0
1.002161E2 5.850036E0
1.002494E2 6.371455E0
1.002827E2 6.726285E0
1.003160E2 7.088997E0
1.003493E2 7.068036E0
1.003826E2 7.012961E0
1.004160E2 6.808407E0
1.004493E2 6.501172E0
1.004826E2 5.642587E0
1.005159E2 4.662498E0
1.005492E2 3.879212E0
1.005825E2 2.451589E0
1.006158E2 1.699932E0
1.006491E2 5.362058E-1
1.006824E2 -7.498286E-1
1.007157E2 -1.687674E0
1.007490E2 -2.959673E0
1.007823E2 -3.872193E0
1.008156E2 -5.109380E0
1.008489E2 -5.615134E0
1.008822E2 -6.192409E0
1.009155E2 -6.622914E0
1.009488E2 -6.827027E0
1.009821E2 -6.838309E0
1.010154E2 -6.755360E0
1.010488E2 -6.688435E0
1.010821E2 -5.927842E0
1.011154E2 -5.471599E0
1.011487E2 -4.485422E0
1.011820E2 -3.473871E0
1.012153E2 -2.652621E0
1.012486E2 -1.627488E0
1.012819E2 -4.661804E-1
1.013152E2 8.350636E-1
1.013485E2 2.152886E0
1.013818E2 2.943249E0
1.014151E2 3.887293E0
1.014484E2 4.764544E0
1.014817E2 5.597449E0
1.015150E2 6.128794E0
1.015483E2 6.431543E0
1.015816E2 6.588590E0
1.016149E2 6.623523E0
1.016483E2 6.706077E0
1.016816E2 6.405965E0
1.017149E2 6.056768E0
1.017482E2 5.302516E0
1.017815E2 4.519682E0
1.018148E2 3.514089E0
1.018481E2 2.432986E0
1.018814E2 1.372275E0
1.019147E2 4.088599E-1
1.019480E2 -7.787877E-1
1.019813E2 -1.840929E0
1.020146E2 -2.790989E0
1.020479E2 -3.956777E0
1.020812E2 -4.758051E0
1.021145E2 -5.470596E0
1.021478E2 -6.001151E0
1.021811E2 -6.583454E0
1.022144E2 -7.198200E0
1.022478E2 -7.190685E0
1.022811E2 -7.067476E0
1.023144E2 -6.583888E0
1.023477E2 -6.174009E0
1.023810E2 -5.362576E0
1.024143E2 -4.486831E0
1.024476E2 -3.642142E0
1.024809E2 -2.649662E0
1.025142E2 -1.468479E0
1.025475E2 -6.413327E-1
1.025808E2 6.302972E-1
1.026141E2 1.857161E0
1.026474E2 2.836943E0
1.026807E2 3.791562E0
1.027140E2 4.730616E0
1.027473E2 5.498959E0
1.027806E2 6.111430E0
1.028139E2 6.526762E0
1.028472E2 6.800546E0
1.028806E2 6.980315E0
1.029139E2 6.820774E0
1.029472E2 6.568918E0
1.029805E2 6.162327E0
1.030138E2 5.424255E0
1.030471E2 4.720069E0
1.030804E2 3.933709E0
1.031137E2 2.596451E0
1.031470E2 1.581130E0
1.031803E2 4.192531E-1
1.032136E2 -7.335740E-1
1.032469E2 -1.927915E0
1.032802E2 -3.019710E0
1.033135E2 -3.947834E0
1.033468E2 -4.902359E0
1.033801E2 -5.638658E0
1.034134E2 -6.311031E0
1.034467E2 -6.495109E0
1.034801E2 -6.860212E0
1.035134E2 -6.989002E0
1.035467E2 -7.219016E0
1.035800E2 -6.922237E0
1.036133E2 -6.285215E0
1.036466E2 -5.712764E0
1.036799E2 -4.964741E0
1.037132E2 -3.890908E0
1.037465E2 -2.730097E0
1.037798E2 -1.664081E0
1.038131E2 -7.096793E-1
1.038464E2 4.375527E-1
1.038797E2 1.664097E0
1.039130E2 2.637987E0
1.039463E2 3.691787E0
1.039796E2 4.529029E0
1.040129E2 5.357235E0
1.040462E2 5.905266E0
1.040796E2 6.219158E0
1.041129E2 6.397862E0
1.041462E2 6.457331E0
1.041795E2 6.567556E0
1.042128E2 6.465891E0
1.042461E2 5.888082E0
1.042794E2 5.262233E0
1.043127E2 4.537607E0
1.043460E2 3.326730E0
1.043793E2 2.432911E0
1.044126E2 1.380555E0
1.044459E2 3.390158E-1
1.044792E2 -6.018808E-1
1.045125E2 -1.574964E0
1.045458E2 -2.663957E0
1.045791E2 -3.824592E0
1.046124E2 -4.706958E0
1.046457E2 -5.441663E0
1.046790E2 -6.263073E0
1.047124E2 -6.673202E0
1.047457E2 -6.766232E0
1.047790E2 -6.789198E0
1.048123E2 -6.754573E0
1.048456E2 -6.417068E0
1.048789E2 -5.959975E0
1.049122E2 -5.167588E0
1.049455E2 -4.766664E0
1.049788E2 -3.528153E0
1.050121E2 -2.604106E0
1.050454E2 -1.174636E0
1.050787E2 -2.166887E-1
1.051120E2 8.198124E-1
1.051453E2 1.988845E0
1.051786E2 3.048349E0
1.052119E2 3.678854E0
1.052452E2 4.798774E0
1.052785E2 5.268325E0
1.053119E2 5.765164E0
1.053452E2 6.295002E0
1.053785E2 6.405718E0
1.054118E2 6.548474E0
1.054451E2 6.498840E0
1.054784E2 6.237765E0
1.055117E2 5.652617E0
1.055450E2 5.181982E0
1.055783E2 4.466677E0
1.056116E2 3.470397E0
1.056449E2 2.595416E0
1.056782E2 1.401096E0
1.057115E2 6.039587E-1
1.057448E2 -4.879160E-1
1.057781E2 -1.618171E0
1.058114E2 -2.516989E0
1.058447E2 -3.375846E0
1.058780E2 -4.409361E0
1.059114E2 -5.396802E0
1.059447E2 -5.824186E0
1.059780E2 -6.323730E0
1.060113E2 -6.538502E0
1.060446E2 -6.937509E0
1.060779E2 -6.500114E0
1.061112E2 -6.425053E0
1.061445E2 -5.784404E0
1.061778E2 -5.240547E0
1.062111E2 -4.419673E0
1.062444E2 -3.507296E0
1.062777E2 -2.719491E0
1.063110E2 -1.545418E0
1.063443E2 -3.939600E-1
1.063776E2 6.745048E-1
1.064109E2 1.796822E0
1.064442E2 2.848483E0
1.064775E2 3.602919E0
1.065108E2 4.533842E0
1.065442E2 5.204822E0
1.065775E2 5.781219E0
1.066108E2 6.490908E0
1.066441E2 6.675201E0
1.066774E2 6.679546E0
1.067107E2 6.671928E0
1.067440E2 6.263657E0
1.067773E2 6.055039E0
1.068106E2 5.261126E0
1.068439E2 4.487652E0
1.068772E2 3.349261E0
1.069105E2 2.431402E0
1.069438E2 1.436333E0
1.069771E2 4.109332E-1
1.070104E2 -6.327655E-1
1.070437E2 -1.550662E0
1.070770E2 -2.863092E0
1.071103E2 -3.765424E0
1.071437E2 -4.477219E0
1.071770E2 -4.985471E0
1.072103E2 -5.771452E0
1.072436E2 -6.125910E0
1.072769E2 -6.726680E0
1.073102E2 -6.908098E0
1.073435E2 -6.643103E0
1.073768E2 -6.303653E0
1.074101E2 -5.612554E0
1.074434E2 -5.265097E0
1.074767E2 -4.533245E0
1.075100E2 -3.726340E0
1.075433E2 -2.607816E0
1.075766E2 -1.345337E0
1.076099E2 -1.939397E-1
1.076432E2 8.737815E-1
1.076765E2 1.899573E0
1.077098E2 2.857576E0
1.077432E2 3.548904E0
1.077765E2 4.465615E0
1.078098E2 5.290395E0
1.078431E2 5.759145E0
1.078764E2 6.054743E0
1.079097E2 6.628708E0
1.079430E2 6.673544E0
1.079763E2 6.548871E0
1.080096E2 6.208118E0
1.080429E2 5.610811E0
1.080762E2 5.144746E0
1.081095E2 4.494679E0
1.081428E2 3.878447E0
1.081761E2 2.977598E0
1.082094E2 1.899279E0
1.082427E2 6.157262E-1
1.082760E2 -4.366024E-1
1.083093E2 -1.671862E0
1.083426E2 -2.718084E0
1.083760E2 -3.817974E0
1.084093E2 -4.551165E0
1.084426E2 -5.368669E0
1.084759E2 -5.490076E0
1.085092E2 -5.963955E0
1.085425E2 -6.241287E0
1.085758E2 -6.068195E0
1.086091E2 -6.432765E0
1.086424E2 -6.101458E0
1.086757E2 -5.591245E0
1.087090E2 -4.854434E0
1.087423E2 -4.157311E0
1.087756E2 -3.245636E0
1.088089E2 -2.450132E0
1.088422E2 -1.427795E0
1.088755E2 -7.402822E-1
1.089088E2 4.261521E-1
1.089421E2 1.378411E0
1.089755E2 2.456477E0
1.090088E2 3.337003E0
1.090421E2 4.209589E0
1.090754E2 4.810192E0
1.091087E2 5.588997E0
1.091420E2 5.828747E0
1.091753E2 6.120005E0
1.092086E2 6.156201E0
1.092419E2 6.034919E0
1.092752E2 6.053965E0
1.093085E2 5.550778E0
1.093418E2 5.010498E0
1.093751E2 4.086226E0
1.094084E2 3.269799E0
1.094417E2 2.257959E0
1.094750E2 1.262922E0
1.095083E2 4.155437E-1
1.095416E2 -6.851603E-1
1.095750E2 -1.883513E0
1.096083E2 -2.948332E0
1.096416E2 -3.716822E0
1.096749E2 -4.217379E0
1.097082E2 -5.388416E0
1.097415E2 -5.730407E0
1.097748E2 -6.161900E0
1.098081E2 -6.607663E0
1.098414E2 -6.594495E0
1.098747E2 -6.464023E0
1.099080E2 -6.275517E0
1.099413E2 -5.759184E0
1.099746E2 -4.893618E0
1.100079E2 -4.225182E0
1.100412E2 -3.430862E0
1.100745E2 -2.420912E0
1.101078E2 -1.721946E0
1.101411E2 -4.684051E-1
1.101744E2 6.443400E-1
1.102078E2 1.867958E0
1.102411E2 2.887519E0
1.102744E2 3.661967E0
1.103077E2 4.462011E0
1.103410E2 5.222783E0
1.103743E2 5.970902E0
1.104076E2 6.167794E0
1.104409E2 6.388850E0
1.104742E2 6.479514E0
1.105075E2 6.361855E0
1.105408E2 6.152140E0
1.105741E2 5.785797E0
1.106074E2 5.055782E0
1.106407E2 4.389311E0
1.106740E2 3.783731E0
1.107073E2 2.896939E0
1.107406E2 1.876213E0
1.107739E2 6.069643E-1
1.108073E2 -3.892040E-1
1.108406E2 -1.404440E0
1.108739E2 -2.370830E0
1.109072E2 -3.443866E0
1.109405E2 -4.352266E0
1.109738E2 -5.080310E0
1.110071E2 -5.674482E0
1.110404E2 -6.249183E0
1.110737E2 -6.407594E0
1.111070E2 -6.580900E0
1.111403E2 -6.433113E0
1.111736E2 -6.396235E0
1.112069E2 -6.065717E0
1.112402E2 -5.262663E0
1.112735E2 -4.555044E0
1.113068E2 -3.746246E0
1.113401E2 -2.752418E0
1.113734E2 -1.593406E0
1.114068E2 -6.365357E-1
1.114401E2 4.107500E-1
1.114734E2 1.353474E0
1.115067E2 2.728024E0
1.115400E2 3.623573E0
1.115733E2 4.395877E0
1.116066E2 5.124988E0
1.116399E2 5.658792E0
1.116732E2 6.136056E0
1.117065E2 6.386438E0
1.117398E2 6.328230E0
1.117731E2 6.085115E0
1.118064E2 5.805885E0
1.118397E2 5.413097E0
1.118730E2 4.942800E0
1.119063E2 4.290882E0
1.119396E2 3.335467E0
1.119729E2 2.690377E0
1.120062E2 1.619450E0
1.120396E2 4.643723E-1
1.120729E2 -2.485933E-1
1.121062E2 -1.440500E0
1.121395E2 -2.700577E0
1.121728E2 -3.359902E0
1.122061E2 -4.136427E0
1.122394E2 -4.993738E0
1.122727E2 -5.436506E0
1.123060E2 -5.866098E0
1.123393E2 -5.863847E0
1.123726E2 -5.999071E0
1.124059E2 -5.992504E0
1.124392E2 -5.664589E0
1.124725E2 -5.591009E0
1.125058E2 -5.200542E0
1.125391E2 -4.519816E0
1.125724E2 -3.613747E0
1.126057E2 -2.627443E0
1.126391E2 -1.812609E0
1.126724E2 -5.632390E-1
1.127057E2 4.296656E-1
1.127390E2 1.535509E0
1.127723E2 2.487951E0
1.128056E2 3.232272E0
1.128389E2 4.254750E0
1.128722E2 4.848926E0
1.129055E2 5.502968E0
1.129388E2 5.877701E0
1.129721E2 6.147328E0
1.130054E2 6.301384E0
1.130387E2 6.239210E0
1.130720E2 6.105135E0
1.131053E2 5.727782E0
1.131386E2 5.050168E0
1.131719E2 4.130324E0
1.132052E2 3.737593E0
1.132386E2 2.778684E0
1.132719E2 1.802871E0
1.133052E2 8.878188E-1
1.133385E2 -1.787947E-1
1.133718E2 -1.314110E0
1.134051E2 -2.224979E0
1.134384E2 -3.212396E0
1.134717E2 -4.062362E0
1.135050E2 -4.844875E0
1.135383E2 -5.360717E0
1.135716E2 -5.725464E0
1.136049E2 -6.211295E0
1.136382E2 -6.136666E0
1.136715E2 -6.117428E0
1.137048E2 -5.942581E0
1.137381E2 -5.485238E0
1.137714E2 -4.880012E0
1.138047E2 -4.389030E0
1.138380E2 -3.689585E0
1.138714E2 -2.785817E0
1.139047E2 -1.605908E0
1.139380E2 -6.305606E-1
1.139713E2 4.565577E-1
1.140046E2 1.582260E0
1.140379E2 2.413677E0
1.140712E2 3.330565E0
1.141045E2 4.333756E0
1.141378E2 4.764895E0
1.141711E2 5.602436E0
1.142044E2 6.015775E0
1.142377E2 5.913287E0
1.142710E2 6.043417E0
1.143043E2 6.173722E0
1.143376E2 5.915581E0
1.143709E2 5.510793E0
1.144042E2 4.847983E0
1.144375E2 4.271154E0
1.144709E2 3.385176E0
1.145042E2 2.482132E0
1.145375E2 1.516179E0
1.145708E2 4.111384E-1
1.146041E2 -6.825643E-1
1.146374E2 -1.611689E0
1.146707E2 -2.584589E0
1.147040E2 -3.527170E0
1.147373E2 -4.432551E0
1.147706E2 -5.078944E0
1.148039E2 -5.586145E0
1.148372E2 -5.859414E0
1.148705E2 -6.174351E0
1.149038E2 -6.324895E0
1.149371E2 -6.415696E0
1.149704E2 -6.259137E0
1.150037E2 -5.665814E0
1.150370E2 -5.058906E0
1.150704E2 -4.262279E0
1.151037E2 -3.456343E0
1.151370E2 -2.824120E0
1.151703E2 -1.675562E0
1.152036E2 -6.228314E-1
1.152369E2 4.105750E-1
1.152702E2 1.372504E0
1.153035E2 2.188142E0
1.153368E2 3.423808E0
1.153701E2 4.160572E0
1.154034E2 4.846582E0
1.154367E2 5.385042E0
1.154700E2 5.943702E0
1.155033E2 5.992431E0
1.155366E2 5.932293E0
1.155699E2 5.904375E0
1.156032E2 5.675819E0
1.156365E2 5.283744E0
1.156698E2 4.640811E0
1.157032E2 4.245756E0
1.157365E2 3.290718E0
1.157698E2 2.341050E0
1.158031E2 1.403444E0
1.158364E2 5.333851E-1
1.158697E2 -5.572882E-1
1.159030E2 -1.731837E0
1.159363E2 -2.396514E0
1.159696E2 -3.384993E0
1.160029E2 -4.119166E0
1.160362E2 -4.890270E0
1.160695E2 -5.413264E0
1.161028E2 -5.906532E0
1.161361E2 -6.222767E0
1.161694E2 -6.195440E0
1.162027E2 -6.065247E0
1.162360E2 -6.243889E0
1.162693E2 -5.502789E0
1.163027E2 -4.959907E0
1.163360E2 -4.193128E0
1.163693E2 -3.392780E0
1.164026E2 -2.597153E0
1.164359E2 -1.828200E0
1.164692E2 -8.273653E-1
1.165025E2 2.233949E-1
1.165358E2 1.413445E0
1.165691E2 2.442109E0
1.166024E2 3.472101E0
1.166357E2 4.163497E0
1.166690E2 4.798798E0
1.167023E2 5.389418E0
1.167356E2 5.801575E0
1.167689E2 6.184728E0
1.168022E2 6.265712E0
1.168355E2 6.180110E0
1.168688E2 5.938260E0
1.169022E2 5.673171E0
1.169355E2 4.985895E0
1.169688E2 4.322706E0
1.170021E2 3.500892E0
1.170354E2 2.540671E0
1.170687E2 1.498266E0
1.171020E2 7.887018E-1
1.171353E2 -3.525486E-1
1.171686E2 -1.318182E0
1.172019E2 -2.191896E0
1.172352E2 -3.338291E0
1.172685E2 -4.188762E0
1.173018E2 -4.619892E0
1.173351E2 -5.428745E0
1.173684E2 -5.891199E0
1.174017E2 -5.865105E0
1.174350E2 -6.039178E0
1.174683E2 -6.032747E0
1.175016E2 -5.795598E0
1.175350E2 -5.383167E0
1.175683E2 -4.884767E0
1.176016E2 -4.124581E0
1.176349E2 -3.408733E0
1.176682E2 -2.469944E0
1.177015E2 -1.791475E0
1.177348E2 -7.053988E-1
1.177681E2 5.241921E-1
1.178014E2 1.545996E0
1.178347E2 2.498105E0
1.178680E2 3.156379E0
1.179013E2 3.955386E0
1.179346E2 4.698233E0
1.179679E2 5.282186E0
1.180012E2 5.624075E0
1.180345E2 5.660166E0
1.180678E2 5.809738E0
1.181011E2 5.750001E0
1.181345E2 5.905648E0
1.181678E2 5.635480E0
1.182011E2 4.920469E0
1.182344E2 4.232087E0
1.182677E2 3.433427E0
1.183010E2 2.696180E0
1.183343E2 1.654333E0
1.183676E2 6.538208E-1
1.184009E2 -1.230175E-1
1.184342E2 -1.180722E0
1.184675E2 -2.409737E0
1.185008E2 -3.310453E0
1.185341E2 -4.185878E0
1.185674E2 -4.382302E0
1.186007E2 -4.988901E0
1.186340E2 -5.452518E0
1.186673E2 -5.806734E0
1.187006E2 -5.998782E0
1.187340E2 -5.988625E0
1.187673E2 -5.754621E0
1.188006E2 -5.419501E0
1.188339E2 -5.125946E0
1.188672E2 -4.069388E0
1.189005E2 -3.414183E0
1.189338E2 -2.601002E0
1.189671E2 -1.633586E0
1.190004E2 -6.882346E-1
1.190337E2 2.486118E-1
1.190670E2 1.408822E0
1.191003E2 2.287353E0
1.191336E2 3.070421E0
1.191669E2 3.935021E0
1.192002E2 4.580672E0
1.192335E2 5.122039E0
1.192668E2 5.476462E0
1.193001E2 5.724100E0
1.193334E2 6.147795E0
1.193668E2 6.118873E0
1.194001E2 5.938238E0
1.194334E2 5.468626E0
1.194667E2 4.836128E0
1.195000E2 4.232965E0
1.195333E2 3.591025E0