x y dx dy
0.000000E0 2.081587E1
3.330000E-2 2.081317E1
6.661111E-2 2.082896E1
9.991111E-2 2.075891E1
1.332222E-1 2.028830E1
1.665222E-1 1.883547E1
1.998333E-1 1.746482E1
2.331333E-1 1.557177E1
2.664444E-1 1.349575E1
2.997444E-1 1.112417E1
3.330556E-1 8.476671E0
3.663556E-1 5.706819E0
3.996667E-1 2.826343E0
4.329667E-1 -6.642045E-2
4.662778E-1 -2.899496E0
4.995778E-1 -5.665740E0
5.328889E-1 -8.344124E0
5.661889E-1 -1.072877E1
5.995000E-1 -1.294688E1
6.328000E-1 -1.483261E1
6.661111E-1 -1.637554E1
6.994111E-1 -1.757013E1
7.327222E-1 -1.835097E1
7.660222E-1 -1.907381E1
7.993333E-1 -1.912579E1
8.326333E-1 -1.880327E1
8.659333E-1 -1.793889E1
8.992444E-1 -1.685495E1
9.325444E-1 -1.531783E1
9.658556E-1 -1.342553E1
9.991556E-1 -1.123850E1
1.032467E0 -8.779299E0
1.065767E0 -6.075382E0
1.099078E0 -3.149870E0
1.132378E0 -1.280529E-1
1.165689E0 2.863329E0
1.198989E0 5.857929E0
1.232300E0 8.741667E0
1.265600E0 1.150163E1
1.298911E0 1.399651E1
1.332211E0 1.617036E1
1.365522E0 1.798547E1
1.398822E0 1.949185E1
1.432133E0 2.059091E1
1.465433E0 2.088543E1
1.498744E0 2.098385E1
1.532044E0 2.054375E1
1.565356E0 2.002136E1
1.598656E0 1.866672E1
1.631967E0 1.691432E1
1.665267E0 1.492447E1
1.698578E0 1.257505E1
1.731878E0 1.017259E1
1.765189E0 7.536388E0
1.798489E0 4.765382E0
1.831800E0 1.843648E0
1.865100E0 -1.009180E0
1.898411E0 -3.939771E0
1.931711E0 -6.665290E0
1.965022E0 -9.401245E0
1.998322E0 -1.176876E1
2.031633E0 -1.389172E1
2.064933E0 -1.591496E1
2.098244E0 -1.759107E1
2.131544E0 -1.896764E1
2.164856E0 -1.904969E1
2.198156E0 -1.932258E1
2.231467E0 -1.931832E1
2.264767E0 -1.889586E1
2.298078E0 -1.814733E1
2.331378E0 -1.670383E1
2.364689E0 -1.513560E1
2.397989E0 -1.313468E1
2.431300E0 -1.075174E1
2.464600E0 -8.184923E0
2.497911E0 -5.423722E0
2.531211E0 -2.542533E0
2.564522E0 4.187824E-1
2.597822E0 3.447627E0
2.631133E0 6.310928E0
2.664433E0 9.192339E0
2.697733E0 1.178543E1
2.731044E0 1.414369E1
2.764344E0 1.618728E1
2.797656E0 1.797466E1
2.830956E0 1.918157E1
2.864267E0 2.025410E1
2.897567E0 2.025075E1
2.930878E0 2.025380E1
2.964178E0 1.997244E1
2.997489E0 1.911784E1
3.030789E0 1.800917E1
3.064100E0 1.576866E1
3.097400E0 1.337341E1
3.130711E0 1.134148E1
3.164011E0 8.740626E0
3.197322E0 6.042992E0
3.230622E0 3.342568E0
3.263933E0 5.985919E-1
3.297233E0 -2.072259E0
3.330544E0 -4.945096E0
3.363844E0 -7.469254E0
3.397156E0 -9.965164E0
3.430456E0 -1.245679E1
3.463767E0 -1.432326E1
3.497067E0 -1.595025E1
3.530378E0 -1.719854E1
3.563678E0 -1.849493E1
3.596989E0 -1.974501E1
3.630289E0 -1.995900E1
3.663600E0 -1.989727E1
3.696900E0 -1.939413E1
3.730211E0 -1.819890E1
3.763511E0 -1.523075E1
3.796822E0 -1.415366E1
3.830122E0 -1.242333E1
3.863433E0 -9.942417E0
3.896733E0 -6.163278E0
3.930044E0 -3.143358E0
3.963344E0 -7.555540E-2
3.996656E0 2.504234E0
4.029956E0 5.391900E0
4.063267E0 8.278089E0
4.096567E0 1.091919E1
4.129878E0 1.319987E1
4.163178E0 1.531476E1
4.196489E0 1.713891E1
4.229789E0 1.867034E1
4.263100E0 1.978526E1
4.296400E0 2.046951E1
4.329711E0 1.973495E1
4.363011E0 1.947633E1
4.396322E0 1.917344E1
4.429622E0 1.804736E1
4.462933E0 1.658550E1
4.496233E0 1.477891E1
4.529533E0 1.271486E1
4.562844E0 1.043827E1
4.596144E0 8.002957E0
4.629456E0 5.380673E0
4.662756E0 2.655369E0
4.696067E0 -1.124679E-1
4.729367E0 -2.891596E0
4.762678E0 -5.541631E0
4.795978E0 -8.102926E0
4.829289E0 -1.043144E1
4.862589E0 -1.259405E1
4.895900E0 -1.443857E1
4.929200E0 -1.623001E1
4.962511E0 -1.734363E1
4.995811E0 -1.822264E1
5.029122E0 -1.875964E1
5.062422E0 -1.876174E1
5.095733E0 -1.844097E1
5.129033E0 -1.786420E1
5.162344E0 -1.662617E1
5.195644E0 -1.515053E1
5.228956E0 -1.330907E1
5.262256E0 -1.114970E1
5.295567E0 -8.793037E0
5.328867E0 -6.182502E0
5.362178E0 -3.435678E0
5.395478E0 -6.752968E-1
5.428789E0 2.278966E0
5.462089E0 5.136823E0
5.495400E0 7.829298E0
5.528700E0 1.027070E1
5.562011E0 1.258086E1
5.595311E0 1.466040E1
5.628622E0 1.650494E1
5.661922E0 1.787275E1
5.695233E0 1.896590E1
5.728533E0 1.941747E1
5.761844E0 1.945208E1
5.795144E0 1.918515E1
5.828456E0 1.836552E1
5.861756E0 1.710187E1
5.895067E0 1.554817E1
5.928367E0 1.376608E1
5.961678E0 1.171734E1
5.994978E0 9.403621E0
6.028289E0 6.930586E0
6.061589E0 4.307565E0
6.094900E0 1.615292E0
6.128200E0 -1.026664E0
6.161511E0 -3.726703E0
6.194811E0 -6.313986E0
6.228122E0 -8.679496E0
6.261422E0 -1.087528E1
6.294733E0 -1.281793E1
6.328033E0 -1.441976E1
6.361333E0 -1.577372E1
6.394644E0 -1.677472E1
6.427944E0 -1.746210E1
6.461256E0 -1.774012E1
6.494556E0 -1.768937E1
6.527867E0 -1.734940E1
6.561167E0 -1.686335E1
6.594478E0 -1.565901E1
6.627778E0 -1.409071E1
6.661089E0 -1.215139E1
6.694389E0 -9.927863E0
6.727700E0 -7.641126E0
6.761000E0 -5.067823E0
6.794311E0 -2.372027E0
6.827611E0 4.814115E-1
6.860922E0 3.258021E0
6.894222E0 5.905733E0
6.927533E0 8.461217E0
6.960833E0 1.080238E1
6.994144E0 1.294895E1
7.027444E0 1.452859E1
7.060756E0 1.595911E1
7.094056E0 1.734130E1
7.127367E0 1.835992E1
7.160667E0 1.877483E1
7.193978E0 1.878656E1
7.227278E0 1.800728E1
7.260589E0 1.720162E1
7.293889E0 1.631143E1
7.327200E0 1.488610E1
7.360500E0 1.292918E1
7.393811E0 1.075117E1
7.427111E0 8.443611E0
7.460422E0 5.998238E0
7.493722E0 3.442738E0
7.527033E0 7.300853E-1
7.560333E0 -1.895192E0
7.593644E0 -4.424595E0
7.626944E0 -6.898015E0
7.660256E0 -9.256484E0
7.693556E0 -1.140543E1
7.726867E0 -1.317711E1
7.760167E0 -1.465186E1
7.793478E0 -1.583298E1
7.826778E0 -1.674054E1
7.860089E0 -1.735526E1
7.893389E0 -1.759418E1
7.926700E0 -1.781631E1
7.960000E0 -1.737701E1
7.993311E0 -1.623137E1
8.026611E0 -1.488165E1
8.059922E0 -1.327181E1
8.093222E0 -1.127312E1
8.126533E0 -9.112869E0
8.159833E0 -6.670475E0
8.193133E0 -4.045836E0
8.226444E0 -1.256518E0
8.259744E0 1.421317E0
8.293056E0 4.135194E0
8.326356E0 6.790596E0
8.359667E0 9.333508E0
8.392967E0 1.165571E1
8.426278E0 1.369447E1
8.459578E0 1.553968E1
8.492889E0 1.710069E1
8.526189E0 1.822231E1
8.559500E0 1.893871E1
8.592800E0 1.896333E1
8.626111E0 1.878762E1
8.659411E0 1.803979E1
8.692722E0 1.711249E1
8.726022E0 1.563811E1
8.759333E0 1.391082E1
8.792633E0 1.197372E1
8.825944E0 9.773299E0
8.859244E0 7.434216E0
8.892556E0 4.956563E0
8.925856E0 2.386749E0
8.959167E0 -2.205997E-1
8.992467E0 -2.847547E0
9.025778E0 -5.331158E0
9.059078E0 -7.731041E0
9.092389E0 -9.860416E0
9.125689E0 -1.181788E1
9.159000E0 -1.347135E1
9.192300E0 -1.481274E1
9.225611E0 -1.586590E1
9.258911E0 -1.652713E1
9.292222E0 -1.690100E1
9.325522E0 -1.693098E1
9.358833E0 -1.661734E1
9.392133E0 -1.601594E1
9.425444E0 -1.514073E1
9.458744E0 -1.384544E1
9.492056E0 -1.223250E1
9.525356E0 -1.034721E1
9.558667E0 -8.038434E0
9.591967E0 -5.605888E0
9.625278E0 -3.026870E0
9.658578E0 -3.479488E-1
9.691889E0 2.370924E0
9.725189E0 5.007860E0
9.758500E0 7.578316E0
9.791800E0 9.828248E0
9.825111E0 1.185444E1
9.858411E0 1.357867E1
9.891722E0 1.505272E1
9.925022E0 1.638185E1
9.958333E0 1.701576E1
9.991633E0 1.749433E1
1.002493E1 1.751163E1
1.005824E1 1.734015E1
1.009154E1 1.671104E1
1.012486E1 1.568286E1
1.015816E1 1.452209E1
1.019147E1 1.291583E1
1.022477E1 1.100106E1
1.025808E1 8.823757E0
1.029138E1 6.435822E0
1.032469E1 3.969799E0
1.035799E1 1.447888E0
1.039130E1 -1.113773E0
1.042460E1 -3.713090E0
1.045791E1 -6.139179E0
1.049121E1 -8.468210E0
1.052452E1 -1.070849E1
1.055782E1 -1.240189E1
1.059113E1 -1.426826E1
1.062443E1 -1.507182E1
1.065774E1 -1.632639E1
1.069104E1 -1.666004E1
1.072436E1 -1.692296E1
1.075766E1 -1.677445E1
1.079097E1 -1.656755E1
1.082427E1 -1.564500E1
1.085758E1 -1.480320E1
1.089088E1 -1.307413E1
1.092419E1 -1.144169E1
1.095749E1 -9.352413E0
1.099080E1 -7.004725E0
1.102410E1 -4.547759E0
1.105741E1 -1.943565E0
1.109071E1 6.608899E-1
1.112402E1 3.286479E0
1.115732E1 5.829893E0
1.119063E1 8.129263E0
1.122393E1 1.029067E1
1.125724E1 1.222278E1
1.129054E1 1.389438E1
1.132386E1 1.537866E1
1.135716E1 1.634542E1
1.139047E1 1.706532E1
1.142377E1 1.739312E1
1.145708E1 1.739948E1
1.149038E1 1.693922E1
1.152369E1 1.624970E1
1.155699E1 1.510311E1
1.159030E1 1.374142E1
1.162360E1 1.202608E1
1.165691E1 9.941095E0
1.169021E1 7.822085E0
1.172352E1 5.415974E0
1.175682E1 2.963213E0
1.179013E1 3.918329E-1
1.182343E1 -2.078090E0
1.185673E1 -4.594519E0
1.189004E1 -6.931301E0
1.192334E1 -9.050047E0
1.195666E1 -1.101866E1
1.198996E1 -1.295084E1
1.202327E1 -1.461439E1
1.205657E1 -1.592636E1
1.208988E1 -1.695843E1
1.212318E1 -1.747822E1
1.215649E1 -1.756739E1
1.218979E1 -1.733144E1
1.222310E1 -1.665527E1
1.225640E1 -1.530624E1
1.228971E1 -1.402091E1
1.232301E1 -1.224247E1
1.235632E1 -1.030487E1
1.238962E1 -8.316261E0
1.242293E1 -6.021376E0
1.245623E1 -3.595553E0
1.248954E1 -1.005564E0
1.252284E1 1.576681E0
1.255616E1 4.128596E0
1.258946E1 6.578131E0
1.262277E1 8.890473E0
1.265607E1 1.107539E1
1.268938E1 1.282221E1
1.272268E1 1.420100E1
1.275599E1 1.533095E1
1.278929E1 1.628523E1
1.282260E1 1.704445E1
1.285590E1 1.714679E1
1.288921E1 1.695839E1
1.292251E1 1.632047E1
1.295582E1 1.550215E1
1.298912E1 1.452279E1
1.302243E1 1.302539E1
1.305573E1 1.114484E1
1.308904E1 9.018653E0
1.312234E1 6.780313E0
1.315566E1 4.401953E0
1.318896E1 1.959304E0
1.322227E1 -5.281754E-1
1.325557E1 -2.927819E0
1.328888E1 -5.251755E0
1.332218E1 -7.473184E0
1.335549E1 -9.547927E0
1.338879E1 -1.130524E1
1.342210E1 -1.285968E1
1.345540E1 -1.415402E1
1.348871E1 -1.523493E1
1.352201E1 -1.589082E1
1.355532E1 -1.623473E1
1.358862E1 -1.626380E1
1.362193E1 -1.600622E1
1.365523E1 -1.532177E1
1.368853E1 -1.424074E1
1.372184E1 -1.291761E1
1.375514E1 -1.120621E1
1.378846E1 -9.375315E0
1.382176E1 -7.205937E0
1.385507E1 -4.891529E0
1.388837E1 -2.532367E0
1.392168E1 1.866636E-2
1.395498E1 2.578504E0
1.398829E1 4.991135E0
1.402159E1 7.385919E0
1.405490E1 9.528943E0
1.408820E1 1.130103E1
1.412151E1 1.302414E1
1.415481E1 1.449062E1
1.418812E1 1.535402E1
1.422142E1 1.610596E1
1.425473E1 1.657902E1
1.428803E1 1.657463E1
1.432134E1 1.634085E1
1.435464E1 1.558535E1
1.438796E1 1.465350E1
1.442126E1 1.335698E1
1.445457E1 1.174176E1
1.448787E1 9.986192E0
1.452118E1 8.055213E0
1.455448E1 5.787002E0
1.458779E1 3.468060E0
1.462109E1 9.451839E-1
1.465440E1 -1.417272E0
1.468770E1 -3.793330E0
1.472101E1 -6.066270E0
1.475431E1 -8.130644E0
1.478762E1 -1.008368E1
1.482092E1 -1.176967E1
1.485423E1 -1.342675E1
1.488753E1 -1.475369E1
1.492084E1 -1.564961E1
1.495414E1 -1.610057E1
1.498746E1 -1.631573E1
1.502076E1 -1.621685E1
1.505407E1 -1.567727E1
1.508737E1 -1.464875E1
1.512068E1 -1.356022E1
1.515398E1 -1.206857E1
1.518729E1 -1.030830E1
1.522059E1 -8.427219E0
1.525390E1 -6.240214E0
1.528720E1 -3.851345E0
1.532051E1 -1.395917E0
1.535381E1 1.079613E0
1.538712E1 3.565742E0
1.542042E1 6.050105E0
1.545373E1 8.348560E0
1.548703E1 1.049833E1
1.552033E1 1.234652E1
1.555364E1 1.368784E1
1.558694E1 1.488248E1
1.562026E1 1.557591E1
1.565356E1 1.624103E1
1.568687E1 1.646687E1
1.572017E1 1.634061E1
1.575348E1 1.580275E1
1.578678E1 1.515495E1
1.582009E1 1.415780E1
1.585339E1 1.284060E1
1.588670E1 1.110295E1
1.592000E1 9.230345E0
1.595331E1 7.050088E0
1.598661E1 4.827891E0
1.601992E1 2.409973E0
1.605322E1 -1.987415E-2
1.608653E1 -2.379078E0
1.611983E1 -4.639903E0
1.615314E1 -6.980499E0
1.618644E1 -8.936178E0
1.621976E1 -1.086490E1
1.625306E1 -1.254761E1
1.628637E1 -1.394051E1
1.631967E1 -1.450854E1
1.635298E1 -1.573649E1
1.638628E1 -1.607712E1
1.641959E1 -1.609284E1
1.645289E1 -1.595335E1
1.648620E1 -1.552657E1
1.651950E1 -1.439395E1
1.655281E1 -1.270401E1
1.658611E1 -1.124496E1
1.661942E1 -9.513218E0
1.665272E1 -7.464355E0
1.668603E1 -5.327347E0
1.671933E1 -2.919313E0
1.675264E1 -5.451799E-1
1.678594E1 1.955781E0
1.681926E1 4.366735E0
1.685256E1 6.569409E0
1.688587E1 8.751539E0
1.691917E1 1.064758E1
1.695248E1 1.229439E1
1.698578E1 1.373255E1
1.701909E1 1.478621E1
1.705239E1 1.574428E1
1.708570E1 1.598654E1
1.711900E1 1.609630E1
1.715231E1 1.575662E1
1.718561E1 1.528107E1
1.721892E1 1.436261E1
1.725222E1 1.330796E1
1.728553E1 1.206979E1
1.731883E1 1.033374E1
1.735213E1 8.272304E0
1.738544E1 6.033396E0
1.741874E1 3.751730E0
1.745206E1 1.449364E0
1.748536E1 -9.271027E-1
1.751867E1 -3.347069E0
1.755197E1 -5.561271E0
1.758528E1 -7.755961E0
1.761858E1 -9.680299E0
1.765189E1 -1.152908E1
1.768519E1 -1.266907E1
1.771850E1 -1.404498E1
1.775180E1 -1.509533E1
1.778511E1 -1.577188E1
1.781841E1 -1.602394E1
1.785172E1 -1.575208E1
1.788502E1 -1.552648E1
1.791833E1 -1.478434E1
1.795163E1 -1.343364E1
1.798494E1 -1.194961E1
1.801824E1 -1.052922E1
1.805156E1 -8.469274E0
1.808486E1 -6.415596E0
1.811817E1 -4.202250E0
1.815147E1 -1.877567E0
1.818478E1 5.707315E-1
1.821808E1 2.932442E0
1.825139E1 5.259085E0
1.828469E1 7.508081E0
1.831800E1 9.616064E0
1.835130E1 1.157496E1
1.838461E1 1.292085E1
1.841791E1 1.399742E1
1.845122E1 1.511178E1
1.848452E1 1.570456E1
1.851783E1 1.587417E1
1.855113E1 1.584827E1
1.858444E1 1.561986E1
1.861774E1 1.503480E1
1.865106E1 1.431114E1
1.868436E1 1.290951E1
1.871767E1 1.105340E1
1.875097E1 9.305312E0
1.878428E1 7.197136E0
1.881758E1 5.042451E0
1.885089E1 2.805618E0
1.888419E1 4.127263E-1
1.891750E1 -1.827510E0
1.895080E1 -4.094721E0
1.898411E1 -6.364337E0
1.901741E1 -8.333993E0
1.905072E1 -1.022157E1
1.908402E1 -1.169772E1
1.911733E1 -1.312003E1
1.915063E1 -1.422195E1
1.918393E1 -1.503813E1
1.921724E1 -1.576744E1
1.925054E1 -1.583439E1
1.928386E1 -1.561991E1
1.931716E1 -1.519556E1
1.935047E1 -1.390078E1
1.938377E1 -1.239472E1
1.941708E1 -1.099786E1
1.945038E1 -9.429112E0
1.948369E1 -7.456716E0
1.951699E1 -5.324062E0
1.955030E1 -3.078673E0
1.958360E1 -7.494533E-1
1.961691E1 1.574929E0
1.965021E1 3.967490E0
1.968352E1 6.253286E0
1.971682E1 8.439029E0
1.975013E1 1.054201E1
1.978343E1 1.235037E1
1.981674E1 1.394372E1
1.985004E1 1.522385E1
1.988336E1 1.615567E1
1.991666E1 1.677866E1
1.994997E1 1.699109E1
1.998327E1 1.672033E1
2.001658E1 1.602267E1
2.004988E1 1.509120E1
2.008319E1 1.374891E1
2.011649E1 1.214143E1
2.014980E1 1.030209E1
2.018310E1 8.369503E0
2.021641E1 6.278617E0
2.024971E1 4.114847E0
2.028302E1 1.832928E0
2.031632E1 -3.689653E-1
2.034963E1 -2.660018E0
2.038293E1 -4.834848E0
2.041624E1 -6.774888E0
2.044954E1 -8.663296E0
2.048286E1 -1.029160E1
2.051616E1 -1.220060E1
2.054947E1 -1.321171E1
2.058277E1 -1.407216E1
2.061608E1 -1.490682E1
2.064938E1 -1.524830E1
2.068269E1 -1.524904E1
2.071599E1 -1.491915E1
2.074930E1 -1.404750E1
2.078260E1 -1.298176E1
2.081591E1 -1.168463E1
2.084921E1 -1.011196E1
2.088252E1 -8.552761E0
2.091582E1 -6.535020E0
2.094913E1 -4.438460E0
2.098243E1 -2.233194E0
2.101573E1 8.436817E-2
2.104904E1 2.418659E0
2.108234E1 4.711773E0
2.111566E1 6.950941E0
2.114896E1 8.949499E0
2.118227E1 1.087868E1
2.121557E1 1.227033E1
2.124888E1 1.386891E1
2.128218E1 1.488258E1
2.131549E1 1.553643E1
2.134879E1 1.577878E1
2.138210E1 1.576809E1
2.141540E1 1.548411E1
2.144871E1 1.477518E1
2.148201E1 1.394505E1
2.151532E1 1.239741E1
2.154862E1 1.109546E1
2.158193E1 9.169639E0
2.161523E1 7.194735E0
2.164854E1 5.230012E0
2.168184E1 2.980218E0
2.171516E1 7.850717E-1
2.174846E1 -1.528763E0
2.178177E1 -3.781655E0
2.181507E1 -5.852588E0
2.184838E1 -7.827608E0
2.188168E1 -9.659999E0
2.191499E1 -1.138009E1
2.194829E1 -1.263406E1
2.198160E1 -1.340957E1
2.201490E1 -1.407485E1
2.204821E1 -1.478720E1
2.208151E1 -1.515397E1
2.211482E1 -1.507179E1
2.214812E1 -1.417446E1
2.218143E1 -1.332836E1
2.221473E1 -1.228013E1
2.224804E1 -1.114027E1
2.228134E1 -9.608502E0
2.231466E1 -7.720081E0
2.234796E1 -5.653597E0
2.238127E1 -3.499600E0
2.241457E1 -1.261863E0
2.244788E1 9.802260E-1
2.248118E1 3.263060E0
2.251449E1 5.466110E0
2.254779E1 7.467819E0
2.258110E1 9.325994E0
2.261440E1 1.099794E1
2.264771E1 1.241615E1
2.268101E1 1.349297E1
2.271432E1 1.427231E1
2.274762E1 1.472301E1
2.278093E1 1.513532E1
2.281423E1 1.500529E1
2.284753E1 1.473682E1
2.288084E1 1.404758E1
2.291414E1 1.294509E1
2.294746E1 1.164121E1
2.298076E1 1.010984E1
2.301407E1 8.252842E0
2.304737E1 6.296779E0
2.308068E1 4.238964E0
2.311398E1 2.030433E0
2.314729E1 -1.844766E-1
2.318059E1 -2.308537E0
2.321390E1 -4.507864E0
2.324720E1 -6.594790E0
2.328051E1 -8.528738E0
2.331381E1 -1.026741E1
2.334712E1 -1.171052E1
2.338042E1 -1.310256E1
2.341373E1 -1.415905E1
2.344703E1 -1.486089E1
2.348034E1 -1.523872E1
2.351364E1 -1.530795E1
2.354696E1 -1.496740E1
2.358026E1 -1.421714E1
2.361357E1 -1.314182E1
2.364687E1 -1.183551E1
2.368018E1 -1.034746E1
2.371348E1 -8.659987E0
2.374679E1 -6.798773E0
2.378009E1 -4.704304E0
2.381340E1 -2.580343E0
2.384670E1 -2.294834E-1
2.388001E1 1.922208E0
2.391331E1 4.197012E0
2.394662E1 6.333386E0
2.397992E1 8.328502E0
2.401323E1 9.982838E0
2.404653E1 1.157388E1
2.407984E1 1.288502E1
2.411314E1 1.378475E1
2.414646E1 1.467483E1
2.417976E1 1.523631E1
2.421307E1 1.507983E1
2.424637E1 1.493567E1
2.427968E1 1.434560E1
2.431298E1 1.343058E1
2.434629E1 1.230943E1
2.437959E1 1.094996E1
2.441290E1 9.237007E0
2.444620E1 7.381098E0
2.447951E1 5.411512E0
2.451281E1 3.384650E0
2.454612E1 1.234415E0
2.457942E1 -9.189221E-1
2.461273E1 -3.102050E0
2.464603E1 -5.123944E0
2.467933E1 -7.023975E0
2.471264E1 -8.871670E0
2.474594E1 -1.052032E1
2.477926E1 -1.198869E1
2.481256E1 -1.323255E1
2.484587E1 -1.423534E1
2.487917E1 -1.471133E1
2.491248E1 -1.495780E1
2.494578E1 -1.492057E1
2.497909E1 -1.447639E1
2.501239E1 -1.366250E1
2.504570E1 -1.262641E1
2.507900E1 -1.122872E1
2.511231E1 -9.398287E0
2.514561E1 -7.731855E0
2.517892E1 -5.700797E0
2.521222E1 -3.710599E0
2.524553E1 -1.524824E0
2.527883E1 7.125623E-1
2.531214E1 2.956650E0
2.534544E1 4.971748E0
2.537876E1 6.926538E0
2.541206E1 8.974591E0
2.544537E1 1.067155E1
2.547867E1 1.212907E1
2.551198E1 1.355468E1
2.554528E1 1.436197E1
2.557859E1 1.486368E1
2.561189E1 1.522652E1
2.564520E1 1.523432E1
2.567850E1 1.489295E1
2.571181E1 1.399885E1
2.574511E1 1.320677E1
2.577842E1 1.189333E1
2.581172E1 9.976047E0
2.584503E1 8.282997E0
2.587833E1 6.482231E0
2.591164E1 4.528787E0
2.594494E1 2.548740E0
2.597826E1 4.632090E-1
2.601156E1 -1.700390E0
2.604487E1 -3.723814E0
2.607817E1 -5.755572E0
2.611148E1 -7.369688E0
2.614478E1 -8.951327E0
2.617809E1 -1.061235E1
2.621139E1 -1.190856E1
2.624470E1 -1.275464E1
2.627800E1 -1.349729E1
2.631131E1 -1.391643E1
2.634461E1 -1.393117E1
2.637792E1 -1.378528E1
2.641122E1 -1.313136E1
2.644453E1 -1.227949E1
2.647783E1 -1.120892E1
2.651113E1 -9.992263E0
2.654444E1 -8.426483E0
2.657774E1 -6.589620E0
2.661106E1 -4.771294E0
2.664436E1 -2.644338E0
2.667767E1 -5.263937E-1
2.671097E1 1.722448E0
2.674428E1 3.848378E0
2.677758E1 6.015217E0
2.681089E1 8.032135E0
2.684419E1 9.717299E0
2.687750E1 1.102523E1
2.691080E1 1.231624E1
2.694411E1 1.332651E1
2.697741E1 1.411059E1
2.701072E1 1.446954E1
2.704402E1 1.447099E1
2.707733E1 1.434628E1
2.711063E1 1.382279E1
2.714394E1 1.297066E1
2.717724E1 1.197009E1
2.721056E1 1.061942E1
2.724386E1 9.098199E0
2.727717E1 7.338331E0
2.731047E1 5.435066E0
2.734378E1 3.412324E0
2.737708E1 1.354460E0
2.741039E1 -7.718211E-1
2.744369E1 -2.820627E0
2.747700E1 -4.795441E0
2.751030E1 -6.630505E0
2.754361E1 -8.382507E0
2.757691E1 -1.004321E1
2.761022E1 -1.138515E1
2.764352E1 -1.240070E1
2.767683E1 -1.315192E1
2.771013E1 -1.368167E1
2.774344E1 -1.409785E1
2.777674E1 -1.408904E1
2.781006E1 -1.374991E1
2.784336E1 -1.313137E1
2.787667E1 -1.199442E1
2.790997E1 -1.072584E1
2.794328E1 -9.249251E0
2.797658E1 -7.606453E0
2.800989E1 -5.743455E0
2.804319E1 -3.696460E0
2.807650E1 -1.603060E0
2.810980E1 5.256104E-1
2.814311E1 2.665071E0
2.817641E1 4.804786E0
2.820972E1 6.807786E0
2.824302E1 8.735227E0
2.827633E1 1.043888E1
2.830963E1 1.195034E1
2.834293E1 1.302908E1
2.837624E1 1.394653E1
2.840954E1 1.444431E1
2.844286E1 1.472530E1
2.847616E1 1.471868E1
2.850947E1 1.449591E1
2.854277E1 1.390345E1
2.857608E1 1.270676E1
2.860938E1 1.154239E1
2.864269E1 1.006687E1
2.867599E1 8.370502E0
2.870930E1 6.495282E0
2.874260E1 4.545081E0
2.877591E1 2.550151E0
2.880921E1 4.928864E-1
2.884252E1 -1.531132E0
2.887582E1 -3.572187E0
2.890913E1 -5.508827E0
2.894243E1 -7.235644E0
2.897574E1 -8.883798E0
2.900904E1 -1.015133E1
2.904236E1 -1.160112E1
2.907566E1 -1.244830E1
2.910897E1 -1.293233E1
2.914227E1 -1.313807E1
2.917558E1 -1.317904E1
2.920888E1 -1.311072E1
2.924219E1 -1.259401E1
2.927549E1 -1.258739E1
2.930880E1 -1.119934E1
2.934210E1 -1.040036E1
2.937541E1 -8.721634E0
2.940871E1 -6.900262E0
2.944202E1 -4.803274E0
2.947532E1 -2.938259E0
2.950863E1 -8.130423E-1
2.954193E1 1.290605E0
2.957524E1 3.288563E0
2.960854E1 5.293759E0
2.964186E1 7.224517E0
2.967516E1 8.883473E0
2.970847E1 1.046149E1
2.974177E1 1.150733E1
2.977508E1 1.263396E1
2.980838E1 1.317543E1
2.984169E1 1.361879E1
2.987499E1 1.376003E1
2.990830E1 1.363232E1
2.994160E1 1.310493E1
2.997491E1 1.244025E1
3.000821E1 1.181514E1
3.004152E1 1.035957E1
3.007482E1 8.929655E0
3.010813E1 7.295863E0
3.014143E1 5.447850E0
3.017473E1 3.609460E0
3.020804E1 1.518368E0
3.024134E1 -4.810469E-1
3.027466E1 -2.493781E0
3.030796E1 -4.453679E0
3.034127E1 -6.276255E0
3.037457E1 -7.907698E0
3.040788E1 -9.337292E0
3.044118E1 -1.063923E1
3.047449E1 -1.185215E1
3.050779E1 -1.288199E1
3.054110E1 -1.334866E1
3.057440E1 -1.360523E1
3.060771E1 -1.361026E1
3.064101E1 -1.307987E1
3.067432E1 -1.244424E1
3.070762E1 -1.158267E1
3.074093E1 -1.031545E1
3.077423E1 -9.164776E0
3.080754E1 -7.568004E0
3.084084E1 -5.677193E0
3.087416E1 -3.805170E0
3.090746E1 -1.749206E0
3.094077E1 2.014225E-1
3.097407E1 2.318888E0
3.100738E1 4.293274E0
3.104068E1 6.202968E0
3.107399E1 7.970223E0
3.110729E1 9.657772E0
3.114060E1 1.096970E1
3.117390E1 1.220969E1
3.120721E1 1.297348E1
3.124051E1 1.359223E1
3.127382E1 1.392129E1
3.130712E1 1.391984E1
3.134043E1 1.356845E1
3.137373E1 1.299440E1
3.140704E1 1.241605E1
3.144034E1 1.109305E1
3.147366E1 9.508664E0
3.150696E1 7.971146E0
3.154027E1 6.321630E0
3.157357E1 4.526420E0
3.160688E1 2.601526E0
3.164018E1 6.196224E-1
3.167349E1 -1.488012E0
3.170679E1 -3.373839E0
3.174010E1 -5.246929E0
3.177340E1 -7.005800E0
3.180671E1 -8.514547E0
3.184001E1 -9.871534E0
3.187332E1 -1.105242E1
3.190662E1 -1.222505E1
3.193993E1 -1.276076E1
3.197323E1 -1.311673E1
3.200653E1 -1.320764E1
3.203984E1 -1.312925E1
3.207314E1 -1.274804E1
3.210646E1 -1.208517E1
3.213976E1 -1.089957E1
3.217307E1 -9.692895E0
3.220637E1 -8.072604E0
3.223968E1 -6.588045E0
3.227298E1 -4.731713E0
3.230629E1 -2.683840E0
3.233959E1 -7.139793E-1
3.237290E1 1.157856E0
3.240620E1 3.226067E0
3.243951E1 5.318984E0
3.247281E1 7.210532E0
3.250612E1 8.781839E0
3.253942E1 1.036622E1
3.257273E1 1.136710E1
3.260603E1 1.215547E1
3.263934E1 1.312892E1
3.267264E1 1.353518E1
3.270596E1 1.359194E1
3.273926E1 1.346720E1
3.277257E1 1.316258E1
3.280587E1 1.245362E1
3.283918E1 1.128153E1
3.287248E1 1.016989E1
3.290579E1 8.687999E0
3.293909E1 7.275254E0
3.297240E1 5.418634E0
3.300570E1 3.643929E0
3.303901E1 1.676393E0
3.307231E1 -2.480240E-1
3.310562E1 -2.267106E0
3.313892E1 -4.128037E0
3.317223E1 -5.853329E0
3.320553E1 -7.432994E0
3.323884E1 -8.990916E0
3.327214E1 -1.039513E1
3.330546E1 -1.126372E1
3.333876E1 -1.235316E1
3.337207E1 -1.270699E1
3.340537E1 -1.286791E1
3.343868E1 -1.286866E1
3.347198E1 -1.260201E1
3.350529E1 -1.210954E1
3.353859E1 -1.125084E1
3.357190E1 -1.010006E1
3.360520E1 -8.854939E0
3.363851E1 -7.319226E0
3.367181E1 -5.686776E0
3.370512E1 -3.917110E0
3.373842E1 -1.955563E0
3.377173E1 1.611047E-1
3.380503E1 2.191500E0
3.383833E1 4.066419E0
3.387164E1 5.767006E0
3.390494E1 7.461153E0
3.393826E1 9.088717E0
3.397156E1 1.022266E1
3.400487E1 1.128662E1
3.403817E1 1.214130E1
3.407148E1 1.275836E1
3.410478E1 1.293657E1
3.413809E1 1.292838E1
3.417139E1 1.282377E1
3.420470E1 1.221652E1
3.423800E1 1.143956E1
3.427131E1 1.052745E1
3.430461E1 9.388469E0
3.433792E1 8.002060E0
3.437122E1 6.210828E0
3.440453E1 4.382662E0
3.443783E1 2.597554E0
3.447114E1 6.728511E-1
3.450444E1 -1.205616E0
3.453776E1 -3.258224E0
3.457106E1 -4.993330E0
3.460437E1 -6.543984E0
3.463767E1 -8.166734E0
3.467098E1 -9.746289E0
3.470428E1 -1.074627E1
3.473759E1 -1.161536E1
3.477089E1 -1.243832E1
3.480420E1 -1.287011E1
3.483750E1 -1.294147E1
3.487081E1 -1.263510E1
3.490411E1 -1.228667E1
3.493742E1 -1.129527E1
3.497072E1 -1.035910E1
3.500403E1 -9.205274E0
3.503733E1 -8.149594E0
3.507064E1 -6.532184E0
3.510394E1 -4.520614E0
3.513726E1 -2.648456E0
3.517056E1 -7.551979E-1
3.520387E1 1.090926E0
3.523717E1 2.993540E0
3.527048E1 4.926422E0
3.530378E1 6.829864E0
3.533709E1 8.286889E0
3.537039E1 1.020896E1
3.540370E1 1.155465E1
3.543700E1 1.249728E1
3.547031E1 1.322385E1
3.550361E1 1.370102E1
3.553692E1 1.389880E1
3.557022E1 1.368053E1
3.560353E1 1.321583E1
3.563683E1 1.244670E1
3.567013E1 1.155594E1
3.570344E1 1.024002E1
3.573674E1 8.783800E0
3.577006E1 7.063949E0
3.580336E1 5.310549E0
3.583667E1 3.461604E0
3.586997E1 1.566652E0
3.590328E1 -3.180964E-1
3.593658E1 -2.048042E0
3.596989E1 -3.873621E0
3.600319E1 -5.749156E0
3.603650E1 -7.180065E0
3.606980E1 -8.486971E0
3.610311E1 -9.891272E0
3.613641E1 -1.111834E1
3.616972E1 -1.197039E1
3.620302E1 -1.242863E1
3.623633E1 -1.274977E1
3.626963E1 -1.275578E1
3.630294E1 -1.255528E1
3.633624E1 -1.189904E1
3.636956E1 -1.100836E1
3.640286E1 -9.975831E0
3.643617E1 -8.582469E0
3.646947E1 -7.296570E0
3.650278E1 -5.648636E0
3.653608E1 -3.790732E0
3.656939E1 -1.912433E0
3.660269E1 1.248546E-1
3.663600E1 2.014719E0
3.666930E1 3.812217E0
3.670261E1 5.750612E0
3.673591E1 7.266532E0
3.676922E1 8.814006E0
3.680252E1 9.992949E0
3.683583E1 1.149916E1
3.686913E1 1.230427E1
3.690244E1 1.288239E1
3.693574E1 1.312097E1
3.696906E1 1.310726E1
3.700236E1 1.294013E1
3.703567E1 1.233634E1
3.706897E1 1.138743E1
3.710228E1 1.052680E1
3.713558E1 9.397922E0
3.716889E1 7.900496E0
3.720219E1 6.093559E0
3.723550E1 4.425380E0
3.726880E1 2.600417E0
3.730211E1 7.555265E-1
3.733541E1 -1.103369E0
3.736872E1 -3.034297E0
3.740202E1 -4.675162E0
3.743533E1 -6.226279E0
3.746863E1 -7.931356E0
3.750193E1 -9.269460E0
3.753524E1 -1.056253E1
3.756854E1 -1.132485E1
3.760186E1 -1.200928E1
3.763516E1 -1.259408E1
3.766847E1 -1.275776E1
3.770177E1 -1.268796E1
3.773508E1 -1.233146E1
3.776838E1 -1.133158E1
3.780169E1 -1.001260E1
3.783499E1 -9.152973E0
3.786830E1 -7.733392E0
3.790160E1 -6.165131E0
3.793491E1 -4.582179E0
3.796821E1 -2.901569E0
3.800152E1 -8.107812E-1
3.803482E1 1.108656E0
3.806813E1 2.987802E0
3.810143E1 4.895800E0
3.813474E1 6.550648E0
3.816804E1 8.182101E0
3.820136E1 9.454821E0
3.823466E1 1.043432E1
3.826797E1 1.142284E1
3.830127E1 1.207367E1
3.833458E1 1.228837E1
3.836788E1 1.244379E1
3.840119E1 1.232635E1
3.843449E1 1.190563E1
3.846780E1 1.124371E1
3.850110E1 1.047558E1
3.853441E1 9.457058E0
3.856771E1 8.510656E0
3.860102E1 7.091986E0
3.863432E1 5.353272E0
3.866763E1 3.636991E0
3.870093E1 1.712724E0
3.873424E1 -2.706974E-1
3.876754E1 -1.910882E0
3.880086E1 -3.682978E0
3.883416E1 -5.480492E0
3.886747E1 -6.962292E0
3.890077E1 -8.368705E0
3.893408E1 -9.694350E0
3.896738E1 -1.035719E1
3.900069E1 -1.125066E1
3.903399E1 -1.220304E1
3.906730E1 -1.250090E1
3.910060E1 -1.249291E1
3.913391E1 -1.218556E1
3.916721E1 -1.141930E1
3.920052E1 -1.041540E1
3.923382E1 -9.747093E0
3.926713E1 -8.411852E0
3.930043E1 -6.680815E0
3.933373E1 -5.254737E0
3.936704E1 -3.624312E0
3.940034E1 -1.868760E0
3.943366E1 -9.243990E-3
3.946696E1 1.991656E0
3.950027E1 3.976146E0
3.953357E1 5.754875E0
3.956688E1 7.272768E0
3.960018E1 8.538093E0
3.963349E1 9.823909E0
3.966679E1 1.120050E1
3.970010E1 1.243032E1
3.973340E1 1.278770E1
3.976671E1 1.300900E1
3.980001E1 1.300933E1
3.983332E1 1.283377E1
3.986662E1 1.243896E1
3.989993E1 1.153656E1
3.993323E1 1.051783E1
3.996654E1 9.206447E0
3.999984E1 7.449548E0
4.003316E1 6.056388E0
4.006646E1 4.401904E0
4.009977E1 2.660871E0
4.013307E1 7.986208E-1
4.016638E1 -1.132637E0
4.019968E1 -2.808891E0
4.023299E1 -4.532214E0
4.026629E1 -6.064192E0
4.029960E1 -7.754597E0
4.033290E1 -9.077247E0
4.036621E1 -1.020313E1
4.039951E1 -1.076484E1
4.043282E1 -1.136175E1
4.046612E1 -1.196084E1
4.049943E1 -1.193856E1
4.053273E1 -1.190195E1
4.056604E1 -1.144639E1
4.059934E1 -1.060236E1
4.063266E1 -9.676464E0
4.066596E1 -8.702618E0
4.069927E1 -7.549931E0
4.073257E1 -6.174562E0
4.076588E1 -4.463998E0
4.079918E1 -2.858837E0
4.083249E1 -9.206350E-1
4.086579E1 8.202790E-1
4.089910E1 2.805361E0
4.093240E1 4.753775E0
4.096571E1 6.489086E0
4.099901E1 7.971399E0
4.103232E1 9.362355E0
4.106562E1 1.058698E1
4.109893E1 1.162685E1
4.113223E1 1.212215E1
4.116553E1 1.263652E1
4.119884E1 1.305179E1
4.123214E1 1.288245E1
4.126546E1 1.238671E1
4.129876E1 1.174480E1
4.133207E1 1.084778E1
4.136537E1 9.813989E0
4.139868E1 8.471802E0
4.143198E1 6.989915E0
4.146529E1 5.301948E0
4.149859E1 3.257433E0
4.153190E1 1.527070E0
4.156520E1 -2.316907E-1
4.159851E1 -1.953646E0
4.163181E1 -3.760548E0
4.166512E1 -5.361166E0
4.169842E1 -6.940606E0
4.173173E1 -7.957253E0
4.176503E1 -9.246384E0
4.179834E1 -1.031444E1
4.183164E1 -1.091013E1
4.186496E1 -1.125304E1
4.189826E1 -1.150988E1
4.193157E1 -1.152730E1
4.196487E1 -1.133018E1
4.199818E1 -1.072411E1
4.203148E1 -9.999513E0
4.206479E1 -9.020329E0
4.209809E1 -8.338770E0
4.213140E1 -6.594156E0
4.216470E1 -5.055778E0
4.219801E1 -3.348361E0
4.223131E1 -1.666932E0
4.226462E1 -9.265222E-3
4.229792E1 1.871894E0
4.233123E1 3.558323E0
4.236453E1 5.313312E0
4.239784E1 7.200859E0
4.243114E1 8.635549E0
4.246446E1 9.982996E0
4.249776E1 1.097510E1
4.253107E1 1.170961E1
4.256437E1 1.220256E1
4.259768E1 1.266436E1
4.263098E1 1.266990E1
4.266429E1 1.224886E1
4.269759E1 1.171608E1
4.273090E1 1.085126E1
4.276420E1 1.001159E1
4.279751E1 8.879227E0
4.283081E1 7.462271E0
4.286412E1 5.708908E0
4.289742E1 4.095454E0
4.293073E1 2.397448E0
4.296403E1 6.170751E-1
4.299733E1 -1.030076E0
4.303064E1 -2.828950E0
4.306394E1 -4.510642E0
4.309726E1 -6.101461E0
4.313056E1 -7.442029E0
4.316387E1 -8.826028E0
4.319717E1 -9.982936E0
4.323048E1 -1.092147E1
4.326378E1 -1.139123E1
4.329709E1 -1.119838E1
4.333039E1 -1.128455E1
4.336370E1 -1.114165E1
4.339700E1 -1.085590E1
4.343031E1 -1.031099E1
4.346361E1 -9.434162E0
4.349692E1 -8.425785E0
4.353022E1 -7.499437E0
4.356353E1 -5.963353E0
4.359683E1 -4.438638E0
4.363014E1 -2.545817E0
4.366344E1 -6.319003E-1
4.369676E1 1.024827E0
4.373006E1 2.822948E0
4.376337E1 4.364353E0
4.379667E1 6.017190E0
4.382998E1 7.811032E0
4.386328E1 9.233845E0
4.389659E1 1.021696E1
4.392989E1 1.109923E1
4.396320E1 1.173153E1
4.399650E1 1.214171E1
4.402981E1 1.242748E1
4.406311E1 1.225616E1
4.409642E1 1.189098E1
4.412972E1 1.136351E1
4.416303E1 1.051986E1
4.419633E1 9.456132E0
4.422964E1 8.041436E0
4.426294E1 6.589350E0
4.429626E1 4.999022E0
4.432956E1 3.245094E0
4.436287E1 1.625358E0
4.439617E1 -1.447389E-1
4.442948E1 -1.948325E0
4.446278E1 -3.464791E0
4.449609E1 -5.088792E0
4.452939E1 -6.444919E0
4.456270E1 -7.711638E0
4.459600E1 -9.070967E0
4.462931E1 -1.040419E1
4.466261E1 -1.120932E1
4.469592E1 -1.085082E1
4.472922E1 -1.140969E1
4.476253E1 -1.142159E1
4.479583E1 -1.114958E1
4.482913E1 -1.087934E1
4.486244E1 -1.001496E1
4.489574E1 -9.124345E0
4.492906E1 -7.831243E0
4.496236E1 -6.396968E0
4.499567E1 -5.130084E0
4.502897E1 -3.398328E0
4.506228E1 -1.514360E0
4.509558E1 -2.173456E-2
4.512889E1 1.718971E0
4.516219E1 3.590731E0
4.519550E1 5.402729E0
4.522880E1 7.024252E0
4.526211E1 8.070093E0
4.529541E1 9.210724E0
4.532872E1 1.032399E1
4.536202E1 1.128350E1
4.539533E1 1.197727E1
4.542863E1 1.215123E1
4.546194E1 1.216157E1
4.549524E1 1.190193E1
4.552856E1 1.126185E1
4.556186E1 1.059996E1
4.559517E1 9.685826E0
4.562847E1 8.388061E0
4.566178E1 6.959200E0
4.569508E1 5.814563E0
4.572839E1 4.189490E0
4.576169E1 2.567005E0
4.579500E1 7.739382E-1
4.582830E1 -9.480948E-1
4.586161E1 -2.725088E0
4.589491E1 -4.294267E0
4.592822E1 -5.731267E0
4.596152E1 -6.927131E0
4.599483E1 -8.177709E0
4.602813E1 -9.651913E0
4.606144E1 -1.051675E1
4.609474E1 -1.102074E1
4.612806E1 -1.101544E1
4.616136E1 -1.109498E1
4.619467E1 -1.097472E1
4.622797E1 -1.053364E1
4.626128E1 -9.993514E0
4.629458E1 -9.099437E0
4.632789E1 -8.056593E0
4.636119E1 -6.861343E0
4.639450E1 -5.566565E0
4.642780E1 -4.035524E0
4.646111E1 -2.478477E0
4.649441E1 -8.136082E-1
4.652772E1 1.045588E0
4.656102E1 2.869275E0
4.659433E1 4.625560E0
4.662763E1 6.086892E0
4.666093E1 7.332437E0
4.669424E1 8.599499E0
4.672754E1 9.685205E0
4.676086E1 1.057549E1
4.679416E1 1.129849E1
4.682747E1 1.174219E1
4.686077E1 1.170800E1
4.689408E1 1.156437E1
4.692738E1 1.127409E1
4.696069E1 1.066809E1
4.699399E1 1.002641E1
4.702730E1 8.829137E0
4.706060E1 7.916001E0
4.709391E1 6.429858E0
4.712721E1 4.872387E0
4.716052E1 3.296234E0
4.719382E1 1.630159E0
4.722713E1 -1.624362E-1
4.726043E1 -1.861344E0
4.729374E1 -3.560167E0
4.732704E1 -5.027833E0
4.736036E1 -6.547182E0
4.739366E1 -7.837119E0
4.742697E1 -8.792031E0
4.746027E1 -9.672353E0
4.749358E1 -1.003156E1
4.752688E1 -1.041541E1
4.756019E1 -1.068348E1
4.759349E1 -1.069154E1
4.762680E1 -1.072672E1
4.766010E1 -1.011329E1
4.769341E1 -9.404672E0
4.772671E1 -8.558184E0
4.776002E1 -7.388033E0
4.779332E1 -6.370177E0
4.782663E1 -4.920880E0
4.785993E1 -3.335450E0
4.789324E1 -1.666396E0
4.792654E1 -4.343482E-2
4.795986E1 1.892518E0
4.799316E1 3.438021E0
4.802647E1 5.099298E0
4.805977E1 6.425815E0
4.809308E1 7.880943E0
4.812638E1 9.084059E0
4.815969E1 1.030102E1
4.819299E1 1.079001E1
4.822630E1 1.141157E1
4.825960E1 1.166961E1
4.829291E1 1.167954E1
4.832621E1 1.142143E1
4.835952E1 1.086615E1
4.839282E1 1.021823E1
4.842613E1 9.381226E0
4.845943E1 8.389613E0
4.849273E1 7.003854E0
4.852604E1 5.611525E0
4.855934E1 4.138317E0
4.859266E1 2.414079E0
4.862596E1 7.814373E-1
4.865927E1 -9.065531E-1
4.869257E1 -2.591933E0
4.872588E1 -4.195676E0
4.875918E1 -5.522340E0
4.879249E1 -6.746607E0
4.882579E1 -7.960305E0
4.885910E1 -8.856684E0
4.889240E1 -9.816335E0
4.892571E1 -1.045077E1
4.895901E1 -1.098236E1
4.899232E1 -1.102065E1
4.902562E1 -1.101440E1
4.905893E1 -1.060821E1
4.909223E1 -1.003960E1
4.912554E1 -9.132076E0
4.915884E1 -8.168814E0
4.919216E1 -6.783267E0
4.922546E1 -5.603257E0
4.925877E1 -4.038475E0
4.929207E1 -2.352877E0
4.932538E1 -7.153514E-1
4.935868E1 1.075737E0
4.939199E1 2.768860E0
4.942529E1 4.367330E0
4.945860E1 5.847031E0
4.949190E1 7.371316E0
4.952521E1 8.695232E0
4.955851E1 9.334606E0
4.959182E1 1.010437E1
4.962512E1 1.075618E1
4.965843E1 1.112747E1
4.969173E1 1.130906E1
4.972504E1 1.128977E1
4.975834E1 1.092778E1
4.979166E1 1.031045E1
4.982496E1 9.685197E0
4.985827E1 8.783415E0
4.989157E1 7.434881E0
4.992488E1 6.242490E0
4.995818E1 4.780063E0
4.999149E1 3.158998E0
5.002479E1 1.502256E0
5.005810E1 -6.236530E-2
5.009140E1 -1.770670E0
5.012471E1 -3.345174E0
5.015801E1 -4.751132E0
5.019132E1 -6.169927E0
5.022462E1 -7.710358E0
5.025793E1 -8.879068E0
5.029123E1 -9.755676E0
5.032453E1 -1.061686E1
5.035784E1 -1.109798E1
5.039114E1 -1.123461E1
5.042446E1 -1.124531E1
5.045776E1 -1.102622E1
5.049107E1 -1.058460E1
5.052437E1 -9.838491E0
5.055768E1 -8.655455E0
5.059098E1 -7.360944E0
5.062429E1 -6.033772E0
5.065759E1 -4.726471E0
5.069090E1 -2.973168E0
5.072420E1 -1.579344E0
5.075751E1 7.730398E-2
5.079081E1 1.776075E0
5.082412E1 3.328389E0
5.085742E1 5.131528E0
5.089073E1 6.845267E0
5.092403E1 8.033364E0
5.095734E1 8.905755E0
5.099064E1 9.909589E0
5.102396E1 1.059407E1
5.105726E1 1.097606E1
5.109057E1 1.116859E1
5.112387E1 1.115799E1
5.115718E1 1.096898E1
5.119048E1 1.046034E1
5.122379E1 9.834572E0
5.125709E1 8.749240E0
5.129040E1 7.672583E0
5.132370E1 6.755408E0
5.135701E1 5.395224E0
5.139031E1 3.929023E0
5.142362E1 2.304542E0
5.145692E1 6.164118E-1
5.149023E1 -1.162892E0
5.152353E1 -2.848176E0
5.155684E1 -4.167052E0
5.159014E1 -5.602711E0
5.162346E1 -7.021626E0
5.165676E1 -8.323776E0
5.169007E1 -9.400239E0
5.172337E1 -1.000550E1
5.175668E1 -1.051862E1
5.178998E1 -1.079528E1
5.182329E1 -1.101865E1
5.185659E1 -1.080938E1
5.188990E1 -1.038256E1
5.192320E1 -9.792755E0
5.195651E1 -8.922169E0
5.198981E1 -7.966121E0
5.202312E1 -6.606371E0
5.205642E1 -5.323896E0
5.208973E1 -3.789285E0
5.212303E1 -2.349523E0
5.215633E1 -6.559111E-1
5.218964E1 1.037122E0
5.222294E1 2.625755E0
5.225626E1 4.111843E0
5.228956E1 5.565597E0
5.232287E1 6.916196E0
5.235617E1 8.255676E0
5.238948E1 9.254844E0
5.242278E1 9.985627E0
5.245609E1 1.061740E1
5.248939E1 1.110445E1
5.252270E1 1.126243E1
5.255600E1 1.115175E1
5.258931E1 1.088785E1
5.262261E1 1.016003E1
5.265592E1 9.503474E0
5.268922E1 8.321054E0
5.272253E1 7.011593E0
5.275583E1 5.784447E0
5.278914E1 4.500644E0
5.282244E1 2.943265E0
5.285576E1 1.451320E0
5.288906E1 -1.777310E-1
5.292237E1 -1.908663E0
5.295567E1 -3.507425E0
5.298898E1 -5.042562E0
5.302228E1 -6.609185E0
5.305559E1 -7.718618E0
5.308889E1 -8.511079E0
5.312220E1 -9.446951E0
5.315550E1 -1.024121E1
5.318881E1 -1.084013E1
5.322211E1 -1.097696E1
5.325542E1 -1.096712E1
5.328872E1 -1.060154E1
5.332203E1 -1.004939E1
5.335533E1 -9.580491E0
5.338864E1 -8.364103E0
5.342194E1 -7.234772E0
5.345526E1 -5.953496E0
5.348856E1 -4.310492E0
5.352187E1 -2.731198E0
5.355517E1 -1.115778E0
5.358848E1 3.650803E-1
5.362178E1 1.813851E0
5.365509E1 3.352565E0
5.368839E1 5.035487E0
5.372170E1 6.153673E0
5.375500E1 7.735386E0
5.378831E1 9.023070E0
5.382161E1 9.817795E0
5.385492E1 1.056543E1
5.388822E1 1.106761E1
5.392153E1 1.134619E1
5.395483E1 1.135444E1
5.398813E1 1.116169E1
5.402144E1 1.068055E1
5.405474E1 1.004413E1
5.408806E1 9.103182E0
5.412136E1 7.946792E0
5.415467E1 6.588689E0
5.418797E1 5.170743E0
5.422128E1 3.714729E0
5.425458E1 1.926613E0
5.428789E1 5.624666E-1
5.432119E1 -1.062502E0
5.435450E1 -2.698950E0
5.438780E1 -3.985756E0
5.442111E1 -5.458232E0
5.445441E1 -6.721960E0
5.448772E1 -8.007536E0
5.452102E1 -8.757764E0
5.455433E1 -9.404190E0
5.458763E1 -9.717980E0
5.462094E1 -9.793015E0
5.465424E1 -9.859834E0
5.468756E1 -9.827467E0
5.472086E1 -9.526016E0
5.475417E1 -9.304826E0
5.478747E1 -8.453680E0
5.482078E1 -7.680914E0
5.485408E1 -6.364546E0
5.488739E1 -5.148463E0
5.492069E1 -3.663350E0
5.495400E1 -1.893333E0
5.498730E1 -3.422302E-1
5.502061E1 9.814127E-1
5.505391E1 2.823198E0
5.508722E1 4.355910E0
5.512052E1 5.567630E0
5.515383E1 6.945708E0
5.518713E1 8.017773E0
5.522044E1 9.003441E0
5.525374E1 9.787359E0
5.528706E1 1.019175E1
5.532036E1 1.054632E1
5.535367E1 1.057099E1
5.538697E1 1.059122E1
5.542028E1 1.014355E1
5.545358E1 9.615613E0
5.548689E1 8.822593E0
5.552019E1 7.975350E0
5.555350E1 6.558607E0
5.558680E1 5.853772E0
5.562011E1 4.405395E0
5.565341E1 2.722339E0
5.568672E1 1.156417E0
5.572002E1 -3.808725E-1
5.575333E1 -1.861791E0
5.578663E1 -3.446929E0
5.581993E1 -4.747864E0
5.585324E1 -6.111707E0
5.588654E1 -7.288691E0
5.591986E1 -8.315922E0
5.595316E1 -9.456130E0
5.598647E1 -9.999482E0
5.601977E1 -1.048631E1
5.605308E1 -1.062905E1
5.608638E1 -1.060695E1
5.611969E1 -1.032376E1
5.615299E1 -9.790902E0
5.618630E1 -8.953590E0
5.621960E1 -8.093030E0
5.625291E1 -6.966238E0
5.628621E1 -5.480209E0
5.631952E1 -4.186727E0
5.635282E1 -2.771795E0
5.638613E1 -1.126247E0
5.641943E1 2.083014E-1
5.645274E1 1.829958E0
5.648604E1 3.500158E0
5.651936E1 4.892188E0
5.655266E1 6.199217E0
5.658597E1 7.303129E0
5.661927E1 8.423099E0
5.665258E1 9.391056E0
5.668588E1 1.013294E1
5.671919E1 1.054434E1
5.675249E1 1.074714E1
5.678580E1 1.075567E1
5.681910E1 1.049596E1
5.685241E1 1.001298E1
5.688571E1 9.520785E0
5.691902E1 8.715164E0
5.695232E1 7.520448E0
5.698563E1 6.312135E0
5.701893E1 4.950616E0
5.705224E1 3.516349E0
5.708554E1 2.026992E0
5.711886E1 5.252199E-1
5.715216E1 -1.041196E0
5.718547E1 -2.363912E0
5.721877E1 -3.976020E0
5.725208E1 -5.437940E0
5.728538E1 -6.927535E0
5.731869E1 -7.948673E0
5.735199E1 -8.720344E0
5.738530E1 -9.490436E0
5.741860E1 -1.001143E1
5.745191E1 -1.025269E1
5.748521E1 -1.025464E1
5.751852E1 -9.868523E0
5.755182E1 -9.203638E0
5.758513E1 -8.552760E0
5.761843E1 -8.104958E0
5.765173E1 -7.014876E0
5.768504E1 -6.077775E0
5.771834E1 -4.599406E0
5.775166E1 -3.075315E0
5.778496E1 -1.734944E0
5.781827E1 -1.788502E-1
5.785157E1 1.409049E0
5.788488E1 2.923207E0
5.791818E1 4.196689E0
5.795149E1 5.531940E0
5.798479E1 7.188962E0
5.801810E1 7.753049E0
5.805140E1 8.837970E0
5.808471E1 9.762639E0
5.811801E1 1.004460E1
5.815132E1 1.040796E1
5.818462E1 1.042907E1
5.821793E1 1.023947E1
5.825123E1 9.989400E0
5.828454E1 9.519909E0
5.831784E1 8.732681E0
5.835116E1 7.499503E0
5.838446E1 6.742178E0
5.841777E1 5.250256E0
5.845107E1 3.966036E0
5.848438E1 2.402124E0
5.851768E1 1.105268E0
5.855099E1 -2.932211E-1
5.858429E1 -1.979777E0
5.861760E1 -3.311608E0
5.865090E1 -4.678756E0
5.868421E1 -6.022526E0
5.871751E1 -7.137501E0
5.875082E1 -7.796992E0
5.878412E1 -8.735357E0
5.881743E1 -9.274753E0
5.885073E1 -9.726114E0
5.888404E1 -9.883791E0
5.891734E1 -9.887467E0
5.895066E1 -9.619712E0
5.898396E1 -9.199806E0
5.901727E1 -8.537357E0
5.905057E1 -7.601619E0
5.908388E1 -6.509529E0
5.911718E1 -5.160461E0
5.915049E1 -3.659738E0
5.918379E1 -2.393262E0
5.921710E1 -1.119333E0
5.925040E1 5.301844E-1
5.928371E1 1.973726E0
5.931701E1 3.665311E0
5.935032E1 5.148265E0
5.938362E1 6.252724E0
5.941693E1 7.588003E0
5.945023E1 8.549744E0
5.948353E1 9.106905E0
5.951684E1 9.559860E0
5.955014E1 9.950162E0
5.958346E1 1.019034E1
5.961676E1 1.019149E1
5.965007E1 9.891978E0
5.968337E1 9.537254E0
5.971668E1 8.736553E0
5.974998E1 7.868661E0
5.978329E1 6.797912E0
5.981659E1 5.610977E0
5.984990E1 4.302600E0
5.988320E1 3.127018E0
5.991651E1 1.772506E0
5.994981E1 2.987320E-1
5.998312E1 -1.305476E0
6.001642E1 -2.773819E0
6.004973E1 -4.220315E0
6.008303E1 -5.225344E0
6.011634E1 -6.463327E0
6.014964E1 -7.289888E0
6.018296E1 -8.201033E0
6.021626E1 -8.838875E0
6.024957E1 -9.344006E0
6.028287E1 -9.538060E0
6.031618E1 -9.567883E0
6.034948E1 -9.465173E0
6.038279E1 -9.220627E0
6.041609E1 -8.767317E0
6.044940E1 -7.584519E0
6.048270E1 -6.728376E0
6.051601E1 -5.579151E0
6.054931E1 -4.694138E0
6.058262E1 -3.170156E0
6.061592E1 -1.797577E0
6.064923E1 -8.984172E-2
6.068253E1 1.509446E0
6.071584E1 2.981666E0
6.074914E1 4.320831E0
6.078246E1 5.383542E0
6.081576E1 6.779861E0
6.084907E1 7.969381E0
6.088237E1 8.673200E0
6.091568E1 9.490750E0
6.094898E1 9.804968E0
6.098229E1 1.001785E1
6.101559E1 1.003229E1
6.104890E1 9.988464E0
6.108220E1 9.635514E0
6.111551E1 8.956750E0
6.114881E1 8.227046E0
6.118212E1 7.376591E0
6.121542E1 6.163937E0
6.124873E1 5.125699E0
6.128203E1 3.975661E0
6.131533E1 2.396460E0
6.134864E1 7.359897E-1
6.138194E1 -5.412275E-1
6.141526E1 -2.030721E0
6.144856E1 -3.368679E0
6.148187E1 -4.901650E0
6.151517E1 -6.153887E0
6.154848E1 -7.307641E0
6.158178E1 -7.609522E0
6.161509E1 -8.368515E0
6.164839E1 -9.129649E0
6.168170E1 -9.261528E0
6.171500E1 -9.458313E0
6.174831E1 -9.444916E0
6.178161E1 -9.271967E0
6.181492E1 -8.732808E0
6.184822E1 -8.104163E0
6.188153E1 -7.213341E0
6.191483E1 -6.298233E0
6.194814E1 -5.036156E0
6.198144E1 -3.472408E0
6.201476E1 -2.183595E0
6.204806E1 -7.607642E-1
6.208137E1 7.632328E-1
6.211467E1 2.372254E0
6.214798E1 3.721022E0
6.218128E1 5.248712E0
6.221459E1 6.200014E0
6.224789E1 7.339812E0
6.228120E1 8.033080E0
6.231450E1 8.599408E0
6.234781E1 9.465448E0
6.238111E1 9.747737E0
6.241442E1 9.939508E0
6.244772E1 9.920554E0
6.248103E1 9.661618E0
6.251433E1 9.167998E0
6.254764E1 8.494263E0
6.258094E1 7.754992E0
6.261426E1 6.606328E0
6.264756E1 5.602396E0
6.268087E1 4.414429E0
6.271417E1 3.099770E0
6.274748E1 1.658140E0
6.278078E1 2.750211E-1
6.281409E1 -1.292541E0
6.284739E1 -2.669368E0
6.288070E1 -3.971878E0
6.291400E1 -5.056018E0
6.294731E1 -6.185742E0
6.298061E1 -7.335333E0
6.301392E1 -8.252818E0
6.304722E1 -8.733430E0
6.308053E1 -8.804649E0
6.311383E1 -9.274921E0
6.314713E1 -9.266657E0
6.318044E1 -9.061677E0
6.321374E1 -8.643336E0
6.324706E1 -8.357680E0
6.328036E1 -7.889503E0
6.331367E1 -6.890030E0
6.334697E1 -5.379357E0
6.338028E1 -4.277584E0
6.341358E1 -2.895865E0
6.344689E1 -1.637590E0
6.348019E1 4.994357E-2
6.351350E1 1.560572E0
6.354680E1 2.811955E0
6.358011E1 4.250799E0
6.361341E1 5.658776E0
6.364672E1 6.892820E0
6.368002E1 7.968834E0
6.371333E1 8.851809E0
6.374663E1 9.543391E0
6.377994E1 9.881987E0
6.381324E1 1.026450E1
6.384656E1 1.024627E1
6.387986E1 1.029893E1
6.391317E1 9.872217E0
6.394647E1 9.223685E0
6.397978E1 8.457965E0
6.401308E1 7.399969E0
6.404639E1 6.382723E0
6.407969E1 4.899420E0
6.411300E1 3.455910E0
6.414630E1 2.081014E0
6.417961E1 5.672454E-1
6.421291E1 -5.400802E-1
6.424622E1 -2.002493E0
6.427952E1 -3.402067E0
6.431283E1 -4.716525E0
6.434613E1 -5.922020E0
6.437944E1 -7.205716E0
6.441274E1 -7.939584E0
6.444606E1 -8.475733E0
6.447936E1 -9.198138E0
6.451267E1 -9.473968E0
6.454597E1 -9.498450E0
6.457928E1 -9.458972E0
6.461258E1 -9.067512E0
6.464589E1 -8.337117E0
6.467919E1 -7.626195E0
6.471250E1 -6.757464E0
6.474580E1 -5.780277E0
6.477911E1 -4.778992E0
6.481241E1 -3.389169E0
6.484572E1 -2.086430E0
6.487902E1 -5.939313E-1
6.491233E1 4.737323E-1
6.494563E1 2.267284E0
6.497893E1 3.480070E0
6.501224E1 4.717680E0
6.504554E1 5.964706E0
6.507886E1 6.997120E0
6.511216E1 7.934963E0
6.514547E1 8.583954E0
6.517877E1 8.999872E0
6.521208E1 9.400809E0
6.524538E1 9.663387E0
6.527869E1 9.656702E0
6.531199E1 9.368936E0
6.534530E1 8.980118E0
6.537860E1 8.257958E0
6.541191E1 7.369114E0
6.544521E1 6.477604E0
6.547852E1 5.574046E0
6.551182E1 4.307955E0
6.554513E1 2.993926E0
6.557843E1 1.294671E0
6.561174E1 1.177006E-1
6.564504E1 -1.329931E0
6.567836E1 -2.798325E0
6.571166E1 -4.221787E0
6.574497E1 -5.491237E0
6.577827E1 -6.501559E0
6.581158E1 -7.327440E0
6.584488E1 -7.919587E0
6.587819E1 -8.322895E0
6.591149E1 -8.690096E0
6.594480E1 -8.752421E0
6.597810E1 -8.764823E0
6.601141E1 -8.589513E0
6.604471E1 -8.278660E0
6.607802E1 -7.712665E0
6.611132E1 -6.965985E0
6.614463E1 -6.129707E0
6.617793E1 -4.953533E0
6.621124E1 -3.691593E0
6.624454E1 -2.612751E0
6.627786E1 -1.123728E0
6.631116E1 2.295136E-1
6.634447E1 1.487612E0
6.637777E1 2.698483E0
6.641108E1 4.309987E0
6.644438E1 5.401795E0
6.647769E1 6.762223E0
6.651099E1 7.753919E0
6.654430E1 8.486661E0
6.657760E1 9.139815E0
6.661091E1 9.567552E0
6.664421E1 9.765382E0
6.667752E1 9.784042E0
6.671082E1 9.671686E0
6.674413E1 9.188780E0
6.677743E1 8.706851E0
6.681073E1 7.855118E0
6.684404E1 6.946737E0
6.687734E1 5.885329E0
6.691066E1 4.683655E0
6.694396E1 3.352172E0
6.697727E1 1.921218E0
6.701057E1 3.524073E-1
6.704388E1 -5.927198E-1
6.707718E1 -1.906850E0
6.711049E1 -3.282049E0
6.714379E1 -4.473404E0
6.717710E1 -6.049254E0
6.721040E1 -7.011747E0
6.724371E1 -7.955475E0
6.727701E1 -8.393098E0
6.731032E1 -9.054151E0
6.734362E1 -9.228348E0
6.737693E1 -9.235996E0
6.741023E1 -9.225868E0
6.744354E1 -8.909127E0
6.747684E1 -8.296810E0
6.751016E1 -7.826865E0
6.754346E1 -7.024096E0
6.757677E1 -5.854636E0
6.761007E1 -4.431886E0
6.764338E1 -3.022598E0
6.767668E1 -1.647272E0
6.770999E1 -3.842208E-1
6.774329E1 8.684975E-1
6.777660E1 2.364732E0
6.780990E1 3.690650E0
6.784321E1 5.038570E0
6.787651E1 6.334883E0
6.790982E1 7.006147E0
6.794312E1 7.922326E0
6.797643E1 8.527547E0
6.800973E1 9.057904E0
6.804304E1 9.344698E0
6.807634E1 9.519540E0
6.810966E1 9.428819E0
6.814296E1 9.232408E0
6.817627E1 8.638894E0
6.820957E1 8.116215E0
6.824288E1 7.345291E0
6.827618E1 6.252726E0
6.830949E1 4.948973E0
6.834279E1 3.606453E0
6.837610E1 2.625624E0
6.840940E1 1.164740E0
6.844271E1 -3.129724E-1
6.847601E1 -1.258682E0
6.850932E1 -2.562558E0
6.854262E1 -3.798882E0
6.857593E1 -4.863582E0
6.860923E1 -5.854079E0
6.864253E1 -6.655727E0
6.867584E1 -7.322772E0
6.870914E1 -7.896477E0
6.874246E1 -8.155062E0
6.877576E1 -8.290993E0
6.880907E1 -8.278261E0
6.884237E1 -8.084444E0
6.887568E1 -7.734032E0
6.890898E1 -7.227538E0
6.894229E1 -6.465787E0
6.897559E1 -5.550143E0
6.900890E1 -4.502453E0
6.904220E1 -3.528576E0
6.907551E1 -2.149503E0
6.910881E1 -7.400680E-1
6.914212E1 2.836658E-1
6.917542E1 1.564535E0
6.920873E1 2.877227E0
6.924203E1 4.333298E0
6.927534E1 5.430705E0
6.930864E1 6.343072E0
6.934196E1 7.230359E0
6.937526E1 8.145819E0
6.940857E1 8.825062E0
6.944187E1 9.168310E0
6.947518E1 9.341710E0
6.950848E1 9.339815E0
6.954179E1 9.105997E0
6.957509E1 8.719978E0
6.960840E1 8.138275E0
6.964170E1 7.324658E0
6.967501E1 6.557480E0
6.970831E1 5.702227E0
6.974162E1 4.351344E0
6.977492E1 3.076103E0
6.980823E1 1.614412E0
6.984153E1 1.917451E-1
6.987484E1 -1.167541E0
6.990814E1 -2.638996E0
6.994146E1 -3.851247E0
6.997476E1 -5.106409E0
7.000807E1 -6.225980E0
7.004137E1 -7.152407E0
7.007468E1 -7.957606E0
7.010798E1 -8.510448E0
7.014129E1 -8.801070E0
7.017459E1 -9.087408E0
7.020790E1 -9.112389E0
7.024120E1 -8.990212E0
7.027451E1 -8.627469E0
7.030781E1 -8.025381E0
7.034112E1 -7.081866E0
7.037442E1 -6.128091E0
7.040773E1 -5.303325E0
7.044103E1 -4.319230E0
7.047433E1 -2.936225E0
7.050764E1 -1.793930E0
7.054094E1 -3.363832E-1
7.057426E1 1.090574E0
7.060756E1 2.706705E0
7.064087E1 3.722776E0
7.067417E1 4.963499E0
7.070748E1 6.023194E0
7.074078E1 7.230929E0
7.077409E1 8.030501E0
7.080739E1 8.667204E0
7.084070E1 9.310502E0
7.087400E1 9.387975E0
7.090731E1 9.388644E0
7.094061E1 9.405329E0
7.097392E1 9.186789E0
7.100722E1 8.712074E0
7.104053E1 7.903245E0
7.107383E1 7.004930E0
7.110714E1 6.086569E0
7.114044E1 4.792058E0
7.117376E1 3.352765E0
7.120706E1 1.989907E0
7.124037E1 7.179777E-1
7.127367E1 -4.082513E-1
7.130698E1 -1.808049E0
7.134028E1 -3.079678E0
7.137359E1 -3.905945E0
7.140689E1 -5.109573E0
7.144020E1 -6.218974E0
7.147350E1 -7.164645E0
7.150681E1 -7.997283E0
7.154011E1 -8.416224E0
7.157342E1 -8.575583E0
7.160672E1 -8.754642E0
7.164003E1 -8.757524E0
7.167333E1 -8.395218E0
7.170664E1 -7.630701E0
7.173994E1 -7.050984E0
7.177326E1 -6.303570E0
7.180656E1 -5.415205E0
7.183987E1 -4.457085E0
7.187317E1 -3.401373E0
7.190648E1 -2.055584E0
7.193978E1 -7.999702E-1
7.197309E1 4.009619E-1
7.200639E1 1.558245E0
7.203970E1 2.776596E0
7.207300E1 4.245087E0
7.210631E1 5.527386E0
7.213961E1 6.856354E0
7.217292E1 7.532972E0
7.220622E1 8.291916E0
7.223953E1 8.738116E0
7.227283E1 9.048434E0
7.230613E1 9.229213E0
7.233944E1 9.203927E0
7.237274E1 8.920313E0
7.240606E1 8.465552E0
7.243936E1 7.760340E0
7.247267E1 6.962891E0
7.250597E1 6.360165E0
7.253928E1 5.426521E0
7.257258E1 4.131277E0
7.260589E1 2.807266E0
7.263919E1 1.499845E0
7.267250E1 3.001508E-1
7.270580E1 -9.624705E-1
7.273911E1 -2.411045E0
7.277241E1 -3.481952E0
7.280572E1 -4.839232E0
7.283902E1 -5.902109E0
7.287233E1 -6.906675E0
7.290563E1 -7.574090E0
7.293894E1 -8.125881E0
7.297224E1 -8.575003E0
7.300556E1 -8.785996E0
7.303886E1 -8.797550E0
7.307217E1 -8.509480E0
7.310547E1 -8.184243E0
7.313878E1 -7.540080E0
7.317208E1 -6.863481E0
7.320539E1 -5.944582E0
7.323869E1 -4.825096E0
7.327200E1 -3.977787E0
7.330530E1 -2.633864E0
7.333861E1 -1.316779E0
7.337191E1 8.461274E-2
7.340522E1 1.261307E0
7.343852E1 2.516119E0
7.347183E1 3.862636E0
7.350513E1 4.791418E0
7.353844E1 5.904171E0
7.357174E1 7.057774E0
7.360506E1 7.851688E0
7.363836E1 8.536861E0
7.367167E1 8.892432E0
7.370497E1 9.200895E0
7.373828E1 9.213516E0
7.377158E1 9.089783E0
7.380489E1 8.845298E0
7.383819E1 8.134995E0
7.387150E1 7.716297E0
7.390480E1 6.949590E0
7.393811E1 5.967092E0
7.397141E1 4.817917E0
7.400472E1 3.460183E0
7.403802E1 2.059459E0
7.407133E1 6.142032E-1
7.410463E1 -2.851679E-1
7.413793E1 -1.541147E0
7.417124E1 -2.830478E0
7.420454E1 -3.932218E0
7.423786E1 -5.095383E0
7.427116E1 -6.098955E0
7.430447E1 -7.158842E0
7.433777E1 -7.850051E0
7.437108E1 -8.309385E0
7.440438E1 -8.345431E0
7.443769E1 -8.367088E0
7.447099E1 -8.366052E0
7.450430E1 -8.146935E0
7.453760E1 -7.739009E0
7.457091E1 -6.975820E0
7.460421E1 -6.013752E0
7.463752E1 -5.287226E0
7.467082E1 -4.262817E0
7.470413E1 -3.082662E0
7.473743E1 -1.750107E0
7.477074E1 -4.039419E-1
7.480404E1 6.786573E-1
7.483736E1 1.767514E0
7.487066E1 3.144190E0
7.490397E1 4.367607E0
7.493727E1 5.354967E0
7.497058E1 6.264656E0
7.500388E1 7.447853E0
7.503719E1 8.221395E0
7.507049E1 8.691951E0
7.510380E1 8.986039E0
7.513710E1 9.143686E0
7.517041E1 9.117064E0
7.520371E1 8.854819E0
7.523702E1 8.560284E0
7.527032E1 7.888317E0
7.530363E1 7.278288E0
7.533693E1 6.283880E0
7.537024E1 4.999544E0
7.540354E1 3.827187E0
7.543686E1 2.769926E0
7.547016E1 1.471221E0
7.550347E1 2.211598E-1
7.553677E1 -1.024793E0
7.557008E1 -2.511248E0
7.560338E1 -3.818857E0
7.563669E1 -4.912458E0
7.566999E1 -5.813225E0
7.570330E1 -6.398938E0
7.573660E1 -7.425905E0
7.576991E1 -7.524374E0
7.580321E1 -8.045833E0
7.583652E1 -8.267506E0
7.586982E1 -8.283988E0
7.590313E1 -8.199084E0
7.593643E1 -7.891249E0
7.596973E1 -7.402527E0
7.600304E1 -6.577105E0
7.603634E1 -5.785376E0
7.606966E1 -4.728447E0
7.610296E1 -3.808947E0
7.613627E1 -2.420131E0
7.616957E1 -1.430661E0
7.620288E1 -6.577875E-2
7.623618E1 1.234698E0
7.626949E1 2.761523E0
7.630279E1 3.802442E0
7.633610E1 4.898580E0
7.636940E1 6.019267E0
7.640271E1 6.700939E0
7.643601E1 7.491213E0
7.646932E1 7.847632E0
7.650262E1 8.354508E0
7.653593E1 8.671389E0
7.656923E1 8.659446E0
7.660254E1 8.676019E0
7.663584E1 8.567702E0
7.666916E1 8.135125E0
7.670246E1 7.256690E0
7.673577E1 6.380078E0
7.676907E1 5.515740E0
7.680238E1 4.395073E0
7.683568E1 3.379468E0
7.686899E1 2.084012E0
7.690229E1 9.131313E-1
7.693560E1 -2.909339E-1
7.696890E1 -1.603854E0
7.700221E1 -2.854523E0
7.703551E1 -3.956760E0
7.706882E1 -4.869220E0
7.710212E1 -5.924304E0
7.713543E1 -6.579431E0
7.716873E1 -7.339837E0
7.720204E1 -7.663335E0
7.723534E1 -8.074674E0
7.726866E1 -8.006788E0
7.730196E1 -7.948037E0
7.733527E1 -8.005226E0
7.736857E1 -7.403935E0
7.740188E1 -6.921481E0
7.743518E1 -6.132116E0
7.746849E1 -4.979081E0
7.750179E1 -3.918599E0
7.753510E1 -3.094933E0
7.756840E1 -1.723401E0
7.760171E1 -4.979031E-1
7.763501E1 7.756906E-1
7.766832E1 1.911296E0
7.770162E1 3.155785E0
7.773493E1 4.453358E0
7.776823E1 5.542410E0
7.780153E1 6.306492E0
7.783484E1 7.085247E0
7.786814E1 7.893767E0
7.790146E1 8.382025E0
7.793476E1 8.864017E0
7.796807E1 8.920299E0
7.800137E1 8.868313E0
7.803468E1 8.593340E0
7.806798E1 8.049747E0
7.810129E1 7.506792E0
7.813459E1 6.669534E0
7.816790E1 5.935900E0
7.820120E1 4.785482E0
7.823451E1 3.607588E0
7.826781E1 2.435106E0
7.830112E1 1.242085E0
7.833442E1 -3.830431E-2
7.836773E1 -1.112752E0
7.840103E1 -2.200202E0
7.843434E1 -3.455173E0
7.846764E1 -4.455192E0
7.850096E1 -5.477338E0
7.853426E1 -6.378759E0
7.856757E1 -7.317963E0
7.860087E1 -7.800138E0
7.863418E1 -8.144006E0
7.866748E1 -8.281623E0
7.870079E1 -8.276113E0
7.873409E1 -8.181448E0
7.876740E1 -7.740798E0
7.880070E1 -6.696991E0
7.883401E1 -6.153510E0
7.886731E1 -5.350934E0
7.890062E1 -4.360615E0
7.893392E1 -3.232778E0
7.896723E1 -1.964080E0
7.900053E1 -9.225194E-1
7.903384E1 1.005253E-1
7.906714E1 1.291275E0
7.910046E1 2.514999E0
7.913376E1 3.804881E0
7.916707E1 5.052031E0
7.920037E1 5.949076E0
7.923368E1 6.812735E0
7.926698E1 7.367270E0
7.930029E1 7.914426E0
7.933359E1 8.308740E0
7.936690E1 8.665889E0
7.940020E1 8.674904E0
7.943351E1 8.481987E0
7.946681E1 8.131083E0
7.950012E1 7.609187E0
7.953342E1 6.925209E0
7.956673E1 6.177242E0
7.960003E1 5.302400E0
7.963333E1 4.162357E0
7.966664E1 2.941793E0
7.969994E1 1.876292E0
7.973326E1 4.483162E-1
7.976656E1 -6.528897E-1
7.979987E1 -1.865815E0
7.983317E1 -3.419538E0
7.986648E1 -4.391886E0
7.989978E1 -5.278245E0
7.993309E1 -6.208367E0
7.996639E1 -6.916033E0
7.999970E1 -7.272797E0
8.003300E1 -7.894135E0
8.006631E1 -8.127952E0
8.009961E1 -8.127719E0
8.013292E1 -8.003216E0
8.016622E1 -7.806601E0
8.019953E1 -7.343470E0
8.023283E1 -6.841207E0
8.026614E1 -5.820857E0
8.029944E1 -4.909892E0
8.033276E1 -3.881494E0
8.036606E1 -2.731155E0
8.039937E1 -1.525240E0
8.043267E1 -3.329540E-1
8.046598E1 1.135281E0
8.049928E1 2.356741E0
8.053259E1 3.619612E0
8.056589E1 4.775586E0
8.059920E1 5.657263E0
8.063250E1 6.827170E0
8.066581E1 7.625116E0
8.069911E1 8.054970E0
8.073242E1 8.628834E0
8.076572E1 8.823594E0
8.079903E1 8.845384E0
8.083233E1 8.833848E0
8.086564E1 8.373391E0
8.089894E1 7.942288E0
8.093226E1 7.331629E0
8.096556E1 6.437062E0
8.099887E1 5.530120E0
8.103217E1 4.482149E0
8.106548E1 3.531287E0
8.109878E1 2.245349E0
8.113209E1 9.790013E-1
8.116539E1 -1.840978E-1
8.119870E1 -1.364312E0
8.123200E1 -2.687103E0
8.126531E1 -3.639136E0
8.129861E1 -4.501767E0
8.133192E1 -5.396495E0
8.136522E1 -6.077082E0
8.139853E1 -6.636758E0
8.143183E1 -7.218732E0
8.146513E1 -7.777554E0
8.149844E1 -7.896400E0
8.153174E1 -7.865785E0
8.156506E1 -7.364735E0
8.159836E1 -7.171798E0
8.163167E1 -6.762834E0
8.166497E1 -6.116622E0
8.169828E1 -5.282998E0
8.173158E1 -4.073710E0
8.176489E1 -3.269234E0
8.179819E1 -2.019385E0
8.183150E1 -6.836759E-1
8.186480E1 1.957646E-1
8.189811E1 1.657089E0
8.193141E1 2.675756E0
8.196472E1 3.938622E0
8.199802E1 5.094136E0
8.203133E1 5.967510E0
8.206463E1 6.909366E0
8.209794E1 7.508948E0
8.213124E1 8.224037E0
8.216456E1 8.390782E0
8.219786E1 8.636187E0
8.223117E1 8.640777E0
8.226447E1 8.377407E0
8.229778E1 7.945626E0
8.233108E1 7.369371E0
8.236439E1 6.706919E0
8.239769E1 6.034547E0
8.243100E1 5.225626E0
8.246430E1 4.032819E0
8.249761E1 2.832308E0
8.253091E1 1.732520E0
8.256422E1 1.851648E-1
8.259752E1 -8.187936E-1
8.263083E1 -2.122845E0
8.266413E1 -3.296777E0
8.269744E1 -4.202168E0
8.273074E1 -5.251797E0
8.276406E1 -5.984248E0
8.279736E1 -6.661866E0
8.283067E1 -7.071619E0
8.286397E1 -7.427451E0
8.289728E1 -7.763586E0
8.293058E1 -7.761104E0
8.296389E1 -7.431330E0
8.299719E1 -7.068146E0
8.303050E1 -6.671043E0
8.306380E1 -6.079173E0
8.309711E1 -5.187269E0
8.313041E1 -4.238489E0
8.316372E1 -3.463892E0
8.319702E1 -2.317398E0
8.323033E1 -1.334183E0
8.326363E1 -2.732350E-1
8.329693E1 1.193733E0
8.333024E1 2.442063E0
8.336354E1 3.196659E0
8.339686E1 4.562485E0
8.343016E1 5.395199E0
8.346347E1 6.356907E0
8.349677E1 6.777399E0
8.353008E1 7.290362E0
8.356338E1 7.716273E0
8.359669E1 7.875652E0
8.362999E1 7.869798E0
8.366330E1 7.827377E0
8.369660E1 7.630247E0
8.372991E1 7.094739E0
8.376321E1 6.624578E0
8.379652E1 6.008965E0
8.382982E1 4.999032E0
8.386313E1 3.932971E0
8.389643E1 3.046521E0
8.392974E1 1.889826E0
8.396304E1 7.284617E-1
8.399636E1 -5.427439E-1
8.402966E1 -1.936480E0
8.406297E1 -2.791765E0
8.409627E1 -3.781643E0
8.412958E1 -4.712823E0
8.416288E1 -5.428823E0
8.419619E1 -6.491283E0
8.422949E1 -6.976340E0
8.426280E1 -7.386403E0
8.429610E1 -7.747969E0
8.432941E1 -7.599909E0
8.436271E1 -7.587358E0
8.439602E1 -7.375223E0
8.442932E1 -6.816245E0
8.446263E1 -6.346561E0
8.449593E1 -5.727416E0
8.452924E1 -4.774470E0
8.456254E1 -3.887036E0
8.459586E1 -2.978540E0
8.462916E1 -1.928108E0
8.466247E1 -5.510535E-1
8.469577E1 5.618006E-1
8.472908E1 1.610135E0
8.476238E1 2.832765E0
8.479569E1 4.077611E0
8.482899E1 4.980398E0
8.486230E1 6.151345E0
8.489560E1 6.738460E0
8.492891E1 7.313906E0
8.496221E1 7.885334E0
8.499552E1 8.151883E0
8.502882E1 8.325530E0
8.506213E1 8.297030E0
8.509543E1 7.982890E0
8.512873E1 7.542629E0
8.516204E1 6.985844E0
8.519534E1 6.259500E0
8.522866E1 5.454274E0
8.526196E1 4.438941E0
8.529527E1 3.610084E0
8.532857E1 2.593031E0
8.536188E1 1.076122E0
8.539518E1 -9.117186E-2
8.542849E1 -1.020805E0
8.546179E1 -2.170279E0
8.549510E1 -3.237759E0
8.552840E1 -4.132768E0
8.556171E1 -5.011397E0
8.559501E1 -5.752808E0
8.562832E1 -6.454588E0
8.566162E1 -6.757206E0
8.569493E1 -7.050991E0
8.572823E1 -7.165854E0
8.576154E1 -7.157828E0
8.579484E1 -7.030787E0
8.582816E1 -6.813908E0
8.586146E1 -6.344777E0
8.589477E1 -5.747729E0
8.592807E1 -5.015979E0
8.596138E1 -4.208720E0
8.599468E1 -3.260835E0
8.602799E1 -2.370633E0
8.606129E1 -1.001896E0
8.609460E1 1.446646E-1
8.612790E1 1.298704E0
8.616121E1 2.246961E0
8.619451E1 3.450859E0
8.622782E1 4.794973E0
8.626112E1 5.621190E0
8.629443E1 6.410056E0
8.632773E1 7.257052E0
8.636104E1 7.809276E0
8.639434E1 8.184704E0
8.642766E1 8.650831E0
8.646096E1 8.657822E0
8.649427E1 8.466653E0
8.652757E1 8.159755E0
8.656088E1 7.733098E0
8.659418E1 7.018735E0
8.662749E1 6.124281E0
8.666079E1 5.239304E0
8.669410E1 4.216122E0
8.672740E1 3.161317E0
8.676071E1 2.044679E0
8.679401E1 7.652618E-1
8.682732E1 -4.335107E-1
8.686062E1 -1.693913E0
8.689393E1 -2.762183E0
8.692723E1 -3.955699E0
8.696053E1 -4.705322E0
8.699384E1 -5.544122E0
8.702714E1 -6.204681E0
8.706046E1 -6.567545E0
8.709376E1 -7.099902E0
8.712707E1 -7.650308E0
8.716037E1 -7.657081E0
8.719368E1 -7.621885E0
8.722698E1 -7.233123E0
8.726029E1 -6.806026E0
8.729359E1 -6.277352E0
8.732690E1 -5.654956E0
8.736020E1 -4.850456E0
8.739351E1 -3.789702E0
8.742681E1 -2.689537E0
8.746012E1 -1.770003E0
8.749342E1 -5.944430E-1
8.752673E1 6.629504E-1
8.756003E1 1.669260E0
8.759334E1 2.825682E0
8.762664E1 4.114144E0
8.765996E1 4.824499E0
8.769326E1 5.553263E0
8.772657E1 6.337059E0
8.775987E1 6.859612E0
8.779318E1 7.313797E0
8.782648E1 7.453528E0
8.785979E1 7.543101E0
8.789309E1 7.616651E0
8.792640E1 7.315077E0
8.795970E1 6.940913E0
8.799301E1 6.353859E0
8.802631E1 5.912329E0
8.805962E1 5.112919E0
8.809292E1 4.158940E0
8.812623E1 3.250791E0
8.815953E1 2.063792E0
8.819284E1 1.209606E0
8.822614E1 1.240932E-1
8.825946E1 -1.061098E0
8.829276E1 -2.050810E0
8.832607E1 -3.079553E0
8.835937E1 -4.103746E0
8.839268E1 -4.983003E0
8.842598E1 -5.752511E0
8.845929E1 -6.396132E0
8.849259E1 -6.890356E0
8.852590E1 -7.489971E0
8.855920E1 -7.522038E0
8.859251E1 -7.517042E0
8.862581E1 -7.277419E0
8.865912E1 -7.071333E0
8.869242E1 -6.680858E0
8.872573E1 -5.842686E0
8.875903E1 -4.990007E0
8.879233E1 -4.001245E0
8.882564E1 -3.200725E0
8.885894E1 -2.065682E0
8.889226E1 -7.624165E-1
8.892556E1 4.269684E-1
8.895887E1 1.339980E0
8.899217E1 2.403676E0
8.902548E1 3.951317E0
8.905878E1 4.775591E0
8.909209E1 5.858467E0
8.912539E1 6.783696E0
8.915870E1 7.422279E0
8.919200E1 7.905642E0
8.922531E1 8.032764E0
8.925861E1 8.173558E0
8.929192E1 8.152397E0
8.932522E1 7.858403E0
8.935853E1 7.452459E0
8.939183E1 6.992166E0
8.942514E1 6.259575E0
8.945844E1 5.456655E0
8.949176E1 4.744231E0
8.952506E1 3.780010E0
8.955837E1 2.589634E0
8.959167E1 1.449579E0
8.962498E1 3.931338E-1
8.965828E1 -6.007565E-1
8.969159E1 -1.694519E0
8.972489E1 -2.655732E0
8.975820E1 -3.643867E0
8.979150E1 -4.446594E0
8.982481E1 -5.189337E0
8.985811E1 -6.046260E0
8.989142E1 -6.596846E0
8.992472E1 -7.051740E0
8.995803E1 -7.207709E0
8.999133E1 -7.222404E0
9.002464E1 -7.233080E0
9.005794E1 -6.973033E0
9.009126E1 -6.277408E0
9.012456E1 -5.758635E0
9.015787E1 -5.019149E0
9.019117E1 -4.359155E0
9.022448E1 -3.337206E0
9.025778E1 -2.441472E0
9.029109E1 -1.334269E0
9.032439E1 -3.452315E-1
9.035770E1 1.188654E0
9.039100E1 2.356517E0
9.042431E1 3.243571E0
9.045761E1 4.288546E0
9.049092E1 4.970083E0
9.052422E1 5.567309E0
9.055753E1 6.436397E0
9.059083E1 6.940485E0
9.062413E1 7.139088E0
9.065744E1 7.349155E0
9.069074E1 7.370076E0
9.072406E1 7.346144E0
9.075736E1 7.101271E0
9.079067E1 6.542486E0
9.082397E1 6.135167E0
9.085728E1 5.660817E0
9.089058E1 4.830534E0
9.092389E1 4.218163E0
9.095719E1 2.942422E0
9.099050E1 2.142932E0
9.102380E1 8.164409E-1
9.105711E1 3.581430E-2
9.109041E1 -1.324509E0
9.112372E1 -2.315652E0
9.115702E1 -3.268577E0
9.119033E1 -4.127779E0
9.122363E1 -4.920587E0
9.125694E1 -5.701787E0
9.129024E1 -6.436727E0
9.132356E1 -6.926880E0
9.135686E1 -7.203254E0
9.139017E1 -7.277562E0
9.142347E1 -7.272619E0
9.145678E1 -6.988712E0
9.149008E1 -6.662808E0
9.152339E1 -6.063063E0
9.155669E1 -5.356150E0
9.159000E1 -4.565742E0
9.162330E1 -3.745723E0
9.165661E1 -2.989527E0
9.168991E1 -2.006211E0
9.172322E1 -6.916367E-1
9.175652E1 7.590436E-1
9.178983E1 1.936890E0
9.182313E1 2.624369E0
9.185644E1 3.627274E0
9.188974E1 4.567232E0
9.192306E1 5.385259E0
9.195636E1 6.255137E0
9.198967E1 6.741031E0
9.202297E1 7.456303E0
9.205628E1 7.502710E0
9.208958E1 7.643665E0
9.212289E1 7.636141E0
9.215619E1 7.333078E0
9.218950E1 7.071667E0
9.222280E1 6.533817E0
9.225611E1 6.146233E0
9.228941E1 5.493476E0
9.232272E1 4.501193E0
9.235602E1 3.564472E0
9.238933E1 2.358597E0
9.242263E1 1.402914E0
9.245593E1 2.271478E-1
9.248924E1 -8.728463E-1
9.252254E1 -1.914294E0
9.255586E1 -3.158272E0
9.258916E1 -3.912244E0
9.262247E1 -4.745716E0
9.265577E1 -5.473962E0
9.268908E1 -6.106048E0
9.272238E1 -6.747509E0
9.275569E1 -7.076172E0
9.278899E1 -7.398423E0
9.282230E1 -7.404869E0
9.285560E1 -7.245741E0
9.288891E1 -6.967677E0
9.292221E1 -6.515618E0
9.295552E1 -5.915306E0
9.298882E1 -5.235357E0
9.302213E1 -4.247495E0
9.305543E1 -3.150110E0
9.308874E1 -2.302136E0
9.312204E1 -1.035491E0
9.315536E1 -1.792632E-1
9.318866E1 9.159166E-1
9.322197E1 2.075212E0
9.325527E1 3.128058E0
9.328858E1 4.188048E0
9.332188E1 5.159193E0
9.335519E1 5.803534E0
9.338849E1 6.438392E0
9.342180E1 6.923845E0
9.345510E1 7.093068E0
9.348841E1 7.247762E0
9.352171E1 7.255780E0
9.355502E1 7.140325E0
9.358832E1 6.932756E0
9.362163E1 6.361391E0
9.365493E1 5.821177E0
9.368824E1 5.003015E0
9.372154E1 4.324660E0
9.375486E1 3.464566E0
9.378816E1 2.519688E0
9.382147E1 1.569595E0
9.385477E1 5.608017E-1
9.388808E1 -5.319255E-1
9.392138E1 -1.507165E0
9.395469E1 -2.640318E0
9.398799E1 -3.445798E0
9.402130E1 -4.324847E0
9.405460E1 -5.322386E0
9.408791E1 -5.908269E0
9.412121E1 -6.392224E0
9.415452E1 -6.985129E0
9.418782E1 -7.006525E0
9.422113E1 -7.040420E0
9.425443E1 -7.142382E0
9.428773E1 -6.910441E0
9.432104E1 -6.336198E0
9.435434E1 -5.760908E0
9.438766E1 -5.251030E0
9.442096E1 -4.364945E0
9.445427E1 -3.560322E0
9.448757E1 -2.541017E0
9.452088E1 -1.413468E0
9.455418E1 -5.775846E-1
9.458749E1 6.681639E-1
9.462079E1 1.459551E0
9.465410E1 2.438476E0
9.468740E1 3.739649E0
9.472071E1 4.741237E0
9.475401E1 5.542512E0
9.478732E1 6.176666E0
9.482062E1 6.588420E0
9.485393E1 7.198745E0
9.488723E1 7.485422E0
9.492054E1 7.551947E0
9.495384E1 7.563929E0
9.498716E1 7.418891E0
9.502046E1 7.011054E0
9.505377E1 6.484369E0
9.508707E1 5.842788E0
9.512038E1 5.150275E0
9.515368E1 4.364861E0
9.518699E1 3.307477E0
9.522029E1 2.325081E0
9.525360E1 1.465920E0
9.528690E1 2.109696E-1
9.532021E1 -7.886383E-1
9.535351E1 -1.864553E0
9.538682E1 -3.005349E0
9.542012E1 -3.799012E0
9.545343E1 -4.882002E0
9.548673E1 -5.294763E0
9.552004E1 -5.877970E0
9.555334E1 -6.295018E0
9.558666E1 -6.533624E0
9.561996E1 -6.746975E0
9.565327E1 -6.742449E0
9.568657E1 -6.378430E0
9.571988E1 -6.429210E0
9.575318E1 -5.888907E0
9.578649E1 -5.378015E0
9.581979E1 -4.506820E0
9.585310E1 -3.695369E0
9.588640E1 -2.821084E0
9.591971E1 -1.961387E0
9.595301E1 -5.760988E-1
9.598632E1 4.077778E-2
9.601962E1 1.387454E0
9.605293E1 2.660593E0
9.608623E1 3.538701E0
9.611953E1 4.327468E0
9.615284E1 5.095749E0
9.618614E1 5.905285E0
9.621946E1 6.374239E0
9.625276E1 7.027145E0
9.628607E1 7.282261E0
9.631937E1 7.531097E0
9.635268E1 7.513867E0
9.638598E1 7.403487E0
9.641929E1 7.110811E0
9.645259E1 6.622626E0
9.648590E1 5.942758E0
9.651920E1 5.177009E0
9.655251E1 4.251130E0
9.658581E1 3.302710E0
9.661912E1 2.301506E0
9.665242E1 1.230436E0
9.668573E1 1.896458E-1
9.671903E1 -6.401816E-1
9.675234E1 -1.486385E0
9.678564E1 -2.744906E0
9.681896E1 -3.581844E0
9.685226E1 -4.428790E0
9.688557E1 -5.273373E0
9.691887E1 -5.681079E0
9.695218E1 -6.379614E0
9.698548E1 -6.560275E0
9.701879E1 -6.835149E0
9.705209E1 -6.851244E0
9.708540E1 -6.709221E0
9.711870E1 -6.341878E0
9.715201E1 -6.080733E0
9.718531E1 -5.657327E0
9.721862E1 -5.042048E0
9.725192E1 -4.247448E0
9.728523E1 -3.356138E0
9.731853E1 -2.302286E0
9.735184E1 -1.571641E0
9.738514E1 -5.139861E-1
9.741846E1 9.888009E-1
9.745176E1 2.079505E0
9.748507E1 3.263079E0
9.751837E1 4.145202E0
9.755168E1 4.996968E0
9.758498E1 5.819210E0
9.761829E1 6.449660E0
9.765159E1 7.109333E0
9.768490E1 7.474974E0
9.771820E1 7.572748E0
9.775151E1 7.569836E0
9.778481E1 7.397342E0
9.781812E1 7.046567E0
9.785142E1 6.884267E0
9.788473E1 6.452227E0
9.791803E1 5.765426E0
9.795133E1 4.905865E0
9.798464E1 4.148985E0
9.801794E1 3.137715E0
9.805126E1 2.081816E0
9.808456E1 9.438138E-1
9.811787E1 -1.199985E-1
9.815117E1 -1.439371E0
9.818448E1 -2.372155E0
9.821778E1 -3.327321E0
9.825109E1 -4.283807E0
9.828439E1 -5.111861E0
9.831770E1 -5.499816E0
9.835100E1 -5.866623E0
9.838431E1 -6.255797E0
9.841761E1 -6.531280E0
9.845092E1 -6.668496E0
9.848422E1 -6.646239E0
9.851753E1 -6.299936E0
9.855083E1 -6.108032E0
9.858414E1 -5.489672E0
9.861744E1 -5.076648E0
9.865076E1 -4.219744E0
9.868406E1 -3.386089E0
9.871737E1 -2.452911E0
9.875067E1 -1.644917E0
9.878398E1 -3.469457E-1
9.881728E1 6.108505E-1
9.885059E1 1.441077E0
9.888389E1 2.395391E0
9.891720E1 3.301654E0
9.895050E1 4.503600E0
9.898381E1 5.346458E0
9.901711E1 6.181232E0
9.905042E1 6.729011E0
9.908372E1 7.075163E0
9.911703E1 7.452478E0
9.915033E1 7.618683E0
9.918364E1 7.636661E0
9.921694E1 7.400819E0
9.925026E1 7.182458E0
9.928356E1 6.639083E0
9.931687E1 6.041929E0
9.935017E1 5.246804E0
9.938348E1 4.571601E0
9.941678E1 3.515387E0
9.945009E1 2.341159E0
9.948339E1 1.374505E0
9.951670E1 3.959976E-1
9.955000E1 -7.575832E-1
9.958331E1 -1.619670E0
9.961661E1 -2.644767E0
9.964992E1 -3.469235E0
9.968322E1 -4.275571E0
9.971653E1 -4.992356E0
9.974983E1 -5.608712E0
9.978313E1 -5.964540E0
9.981644E1 -6.679788E0
9.984974E1 -6.894870E0
9.988306E1 -6.885684E0
9.991636E1 -6.729548E0
9.994967E1 -6.438721E0
9.998297E1 -5.757113E0
1.000163E2 -5.212694E0
1.000496E2 -4.649057E0
1.000829E2 -3.767851E0
1.001162E2 -3.109428E0
1.001495E2 -2.045605E0
1.001828E2 -1.012330E0
1.002161E2 -1.199199E-1
1.002494E2 1.071467E0
1.002827E2 2.223412E0
1.003160E2 3.362743E0
1.003493E2 4.038578E0
1.003826E2 4.848985E0
1.004159E2 5.301998E0
1.004492E2 5.960476E0
1.004826E2 6.435631E0
1.005159E2 6.583073E0
1.005492E2 6.778380E0
1.005825E2 6.798038E0
1.006158E2 6.851475E0
1.006491E2 6.486153E0
1.006824E2 6.154607E0
1.007157E2 5.730803E0
1.007490E2 5.138861E0
1.007823E2 4.636111E0
1.008156E2 3.762974E0
1.008489E2 2.891203E0
1.008822E2 1.791282E0
1.009155E2 6.121352E-1
1.009488E2 -4.678968E-1
1.009821E2 -1.660562E0
1.010154E2 -2.003457E0
1.010487E2 -3.094918E0
1.010821E2 -3.993255E0
1.011154E2 -4.667667E0
1.011487E2 -5.642853E0
1.011820E2 -6.000825E0
1.012153E2 -6.270341E0
1.012486E2 -6.113105E0
1.012819E2 -6.129238E0
1.013152E2 -6.113147E0
1.013485E2 -5.922828E0
1.013818E2 -5.559357E0
1.014151E2 -5.099696E0
1.014484E2 -4.807087E0
1.014817E2 -3.994772E0
1.015150E2 -3.110526E0
1.015483E2 -2.203199E0
1.015816E2 -1.269995E0
1.016149E2 -1.565083E-1
1.016482E2 9.246342E-1
1.016815E2 1.900318E0
1.017149E2 3.000160E0
1.017482E2 3.942755E0
1.017815E2 4.758594E0
1.018148E2 5.590366E0
1.018481E2 6.312492E0
1.018814E2 6.867588E0
1.019147E2 7.188429E0
1.019480E2 7.323880E0
1.019813E2 7.129746E0
1.020146E2 7.143098E0
1.020479E2 7.064819E0
1.020812E2 6.529392E0
1.021145E2 6.306054E0
1.021478E2 5.687411E0
1.021811E2 5.149587E0
1.022144E2 4.215211E0
1.022477E2 3.458007E0
1.022810E2 2.355553E0
1.023144E2 1.184694E0
1.023477E2 3.296281E-1
1.023810E2 -6.028911E-1
1.024143E2 -1.663183E0
1.024476E2 -2.721094E0
1.024809E2 -3.384415E0
1.025142E2 -4.201523E0
1.025475E2 -4.757149E0
1.025808E2 -5.279799E0
1.026141E2 -5.791377E0
1.026474E2 -6.114129E0
1.026807E2 -6.279561E0
1.027140E2 -6.269172E0
1.027473E2 -6.568397E0
1.027806E2 -5.952008E0
1.028139E2 -5.600217E0
1.028472E2 -5.043995E0
1.028805E2 -4.463402E0
1.029139E2 -3.556231E0
1.029472E2 -2.662680E0
1.029805E2 -1.848787E0
1.030138E2 -9.047879E-1
1.030471E2 2.507267E-1
1.030804E2 9.711302E-1
1.031137E2 1.992339E0
1.031470E2 3.125417E0
1.031803E2 4.120340E0
1.032136E2 5.012102E0
1.032469E2 5.695417E0
1.032802E2 6.330431E0
1.033135E2 6.909707E0
1.033468E2 7.288680E0
1.033801E2 7.436668E0
1.034134E2 7.431745E0
1.034467E2 7.314072E0
1.034800E2 7.037511E0
1.035133E2 6.663678E0
1.035467E2 6.078921E0
1.035800E2 5.377748E0
1.036133E2 4.542374E0
1.036466E2 3.681878E0
1.036799E2 2.812538E0
1.037132E2 1.551093E0
1.037465E2 6.638084E-1
1.037798E2 -3.288119E-1
1.038131E2 -1.247987E0
1.038464E2 -2.156989E0
1.038797E2 -3.048303E0
1.039130E2 -3.893410E0
1.039463E2 -4.694791E0
1.039796E2 -5.297605E0
1.040129E2 -5.682770E0
1.040462E2 -6.144931E0
1.040795E2 -5.977360E0
1.041128E2 -5.994780E0
1.041462E2 -6.301645E0
1.041795E2 -5.976049E0
1.042128E2 -5.559823E0
1.042461E2 -5.086477E0
1.042794E2 -4.460164E0
1.043127E2 -3.768505E0
1.043460E2 -2.819598E0
1.043793E2 -1.798050E0
1.044126E2 -8.508410E-1
1.044459E2 1.806093E-1
1.044792E2 1.044673E0
1.045125E2 1.996814E0
1.045458E2 2.782771E0
1.045791E2 3.416909E0
1.046124E2 4.332565E0
1.046457E2 5.180585E0
1.046790E2 5.846314E0
1.047123E2 6.464435E0
1.047457E2 6.903212E0
1.047790E2 7.134484E0
1.048123E2 7.132421E0
1.048456E2 7.114226E0
1.048789E2 6.880469E0
1.049122E2 6.343914E0
1.049455E2 5.983175E0
1.049788E2 5.365720E0
1.050121E2 4.675443E0
1.050454E2 3.729954E0
1.050787E2 2.879695E0
1.051120E2 1.993725E0
1.051453E2 1.087638E0
1.051786E2 -3.841022E-2
1.052119E2 -1.065823E0
1.052452E2 -1.790147E0
1.052785E2 -2.838822E0
1.053118E2 -3.797834E0
1.053451E2 -4.395481E0
1.053785E2 -5.206496E0
1.054118E2 -5.341685E0
1.054451E2 -5.637025E0
1.054784E2 -6.268498E0
1.055117E2 -6.333215E0
1.055450E2 -6.309579E0
1.055783E2 -6.158682E0
1.056116E2 -5.610760E0
1.056449E2 -5.234928E0
1.056782E2 -4.690944E0
1.057115E2 -4.257028E0
1.057448E2 -3.480132E0
1.057781E2 -2.530609E0
1.058114E2 -1.488918E0
1.058447E2 -2.356453E-1
1.058780E2 7.497024E-1
1.059113E2 1.578642E0
1.059446E2 2.458002E0
1.059780E2 3.402357E0
1.060113E2 4.516189E0
1.060446E2 5.130709E0
1.060779E2 5.804652E0
1.061112E2 6.556017E0
1.061445E2 6.910225E0
1.061778E2 7.221489E0
1.062111E2 7.386040E0
1.062444E2 7.396790E0
1.062777E2 7.195799E0
1.063110E2 6.857591E0
1.063443E2 6.284947E0
1.063776E2 5.726967E0
1.064109E2 5.167435E0
1.064442E2 4.251840E0
1.064775E2 3.152928E0
1.065108E2 2.237347E0
1.065441E2 1.449948E0
1.065775E2 3.674384E-1
1.066108E2 -7.558104E-1
1.066441E2 -1.550266E0
1.066774E2 -2.549646E0
1.067107E2 -3.342117E0
1.067440E2 -3.977139E0
1.067773E2 -4.783201E0
1.068106E2 -5.356446E0
1.068439E2 -5.582429E0
1.068772E2 -6.105811E0
1.069105E2 -6.136969E0
1.069438E2 -6.136739E0
1.069771E2 -6.071859E0
1.070104E2 -6.087071E0
1.070437E2 -5.368558E0
1.070770E2 -4.732379E0
1.071103E2 -4.092447E0
1.071436E2 -3.379171E0
1.071769E2 -2.494999E0
1.072103E2 -1.527307E0
1.072436E2 -6.268619E-1
1.072769E2 2.469207E-1
1.073102E2 1.350116E0
1.073435E2 2.237493E0
1.073768E2 2.924193E0
1.074101E2 3.810572E0
1.074434E2 4.640697E0
1.074767E2 5.342802E0
1.075100E2 5.995328E0
1.075433E2 6.408777E0
1.075766E2 6.821862E0
1.076099E2 6.797468E0
1.076432E2 6.794003E0
1.076765E2 6.659262E0
1.077098E2 6.396240E0
1.077431E2 6.010299E0
1.077764E2 5.612390E0
1.078098E2 5.061484E0
1.078431E2 4.355017E0
1.078764E2 3.603772E0
1.079097E2 2.718779E0
1.079430E2 1.394401E0
1.079763E2 6.635324E-1
1.080096E2 -6.975379E-2
1.080429E2 -9.575588E-1
1.080762E2 -1.775445E0
1.081095E2 -2.665810E0
1.081428E2 -3.529510E0
1.081761E2 -4.216938E0
1.082094E2 -4.816727E0
1.082427E2 -5.276105E0
1.082760E2 -5.640293E0
1.083093E2 -5.843545E0
1.083426E2 -5.954903E0
1.083759E2 -5.921225E0
1.084093E2 -5.750742E0
1.084426E2 -5.411903E0
1.084759E2 -4.923686E0
1.085092E2 -4.352841E0
1.085425E2 -3.637960E0
1.085758E2 -3.157347E0
1.086091E2 -2.261026E0
1.086424E2 -1.232320E0
1.086757E2 -2.711764E-1
1.087090E2 9.348416E-1
1.087423E2 1.895977E0
1.087756E2 2.782114E0
1.088089E2 3.718420E0
1.088422E2 4.608342E0
1.088755E2 5.364196E0
1.089088E2 5.959576E0
1.089421E2 6.316006E0
1.089754E2 6.765464E0
1.090087E2 7.087760E0
1.090421E2 7.130930E0
1.090754E2 7.120238E0
1.091087E2 6.895536E0
1.091420E2 6.553863E0
1.091753E2 6.098647E0
1.092086E2 5.247434E0
1.092419E2 4.524215E0
1.092752E2 4.044757E0
1.093085E2 3.079270E0
1.093418E2 2.211468E0
1.093751E2 1.247450E0
1.094084E2 1.864739E-1
1.094417E2 -5.872983E-1
1.094750E2 -1.451917E0
1.095083E2 -2.381207E0
1.095416E2 -3.137000E0
1.095749E2 -3.975710E0
1.096082E2 -4.558008E0
1.096416E2 -5.230988E0
1.096749E2 -5.566426E0
1.097082E2 -5.773796E0
1.097415E2 -6.278794E0
1.097748E2 -6.282735E0
1.098081E2 -6.132139E0
1.098414E2 -5.711363E0
1.098747E2 -5.464846E0
1.099080E2 -4.729650E0
1.099413E2 -3.889580E0
1.099746E2 -3.231477E0
1.100079E2 -2.364326E0
1.100412E2 -1.655058E0
1.100745E2 -5.695449E-1
1.101078E2 3.631342E-1
1.101411E2 1.352376E0
1.101744E2 2.291285E0
1.102077E2 3.165278E0
1.102411E2 4.038310E0
1.102744E2 4.878864E0
1.103077E2 5.516027E0
1.103410E2 6.099384E0
1.103743E2 6.486063E0
1.104076E2 6.640704E0
1.104409E2 6.622945E0
1.104742E2 6.609220E0
1.105075E2 6.450654E0
1.105408E2 6.234373E0
1.105741E2 5.988915E0
1.106074E2 5.550448E0
1.106407E2 5.031067E0
1.106740E2 4.428313E0
1.107073E2 3.329539E0
1.107406E2 2.438896E0
1.107739E2 1.532489E0
1.108072E2 6.809387E-1
1.108405E2 -3.002236E-1
1.108739E2 -1.477114E0
1.109072E2 -2.153542E0
1.109405E2 -3.009694E0
1.109738E2 -4.011207E0
1.110071E2 -4.659408E0
1.110404E2 -5.346028E0
1.110737E2 -5.875683E0
1.111070E2 -6.125075E0
1.111403E2 -6.453970E0
1.111736E2 -6.467621E0
1.112069E2 -6.420259E0
1.112402E2 -6.144834E0
1.112735E2 -5.808725E0
1.113068E2 -5.299538E0
1.113401E2 -4.636520E0
1.113734E2 -4.060408E0
1.114067E2 -3.051848E0
1.114400E2 -1.873341E0
1.114734E2 -1.128274E0
1.115067E2 -3.321251E-1
1.115400E2 6.238429E-1
1.115733E2 1.650118E0
1.116066E2 2.513787E0
1.116399E2 3.201872E0
1.116732E2 3.957597E0
1.117065E2 4.730881E0
1.117398E2 5.188064E0
1.117731E2 5.718626E0
1.118064E2 6.317512E0
1.118397E2 6.360073E0
1.118730E2 6.401441E0
1.119063E2 6.379172E0
1.119396E2 6.105044E0
1.119729E2 5.758663E0
1.120062E2 5.309324E0
1.120395E2 4.709029E0
1.120729E2 4.064683E0
1.121062E2 3.346019E0
1.121395E2 2.683119E0
1.121728E2 1.787298E0
1.122061E2 7.833302E-1
1.122394E2 -1.845635E-1
1.122727E2 -1.156719E0
1.123060E2 -1.697172E0
1.123393E2 -2.659878E0
1.123726E2 -3.582494E0
1.124059E2 -4.296708E0
1.124392E2 -4.579437E0
1.124725E2 -5.307294E0
1.125058E2 -5.810236E0
1.125391E2 -5.889307E0
1.125724E2 -6.020417E0
1.126057E2 -6.029171E0
1.126390E2 -5.760475E0
1.126723E2 -5.501627E0
1.127057E2 -4.848181E0
1.127390E2 -4.426230E0
1.127723E2 -3.758318E0
1.128056E2 -2.931906E0
1.128389E2 -2.059585E0
1.128722E2 -1.390652E0
1.129055E2 -4.000331E-1
1.129388E2 6.545049E-1
1.129721E2 1.469947E0
1.130054E2 2.327398E0
1.130387E2 3.219276E0
1.130720E2 3.840845E0
1.131053E2 4.537942E0
1.131386E2 5.183492E0
1.131719E2 5.518997E0
1.132052E2 6.006966E0
1.132385E2 6.256484E0
1.132718E2 6.272873E0
1.133052E2 6.291678E0
1.133385E2 6.149068E0
1.133718E2 6.069425E0
1.134051E2 5.733396E0
1.134384E2 5.307778E0
1.134717E2 4.667663E0
1.135050E2 3.764089E0
1.135383E2 2.936800E0
1.135716E2 2.052169E0
1.136049E2 1.080363E0
1.136382E2 2.487281E-1
1.136715E2 -4.433616E-1
1.137381E2 -2.224449E0
1.137714E2 -3.148335E0
1.138047E2 -3.946213E0
1.138380E2 -4.626177E0
1.138713E2 -5.099190E0
1.139047E2 -5.419938E0
1.139380E2 -5.699197E0
1.139713E2 -5.773988E0
1.140046E2 -5.758372E0
1.140379E2 -5.683190E0
1.140712E2 -5.518382E0
1.141045E2 -5.322832E0
1.141378E2 -4.892760E0
1.141711E2 -4.274297E0
1.142044E2 -3.322356E0
1.142377E2 -2.406722E0
1.142710E2 -1.612123E0
1.143043E2 -1.010783E0
1.143376E2 -4.484668E-2
1.143709E2 1.184939E0
1.144042E2 2.082235E0
1.144375E2 2.731076E0
1.144708E2 3.456553E0
1.145041E2 4.186564E0
1.145375E2 4.927447E0
1.145708E2 5.445847E0
1.146041E2 5.925014E0
1.146374E2 6.345598E0
1.146707E2 6.580009E0
1.147040E2 6.585944E0
1.147373E2 6.453029E0
1.147706E2 6.291345E0
1.148039E2 6.042570E0
1.148372E2 5.573965E0
1.148705E2 4.822823E0
1.149038E2 4.286247E0
1.149371E2 3.482131E0
1.149704E2 2.787886E0
1.150037E2 1.892647E0
1.150370E2 9.976353E-1
1.150703E2 -1.392391E-1
1.151036E2 -9.708898E-1
1.151370E2 -1.859450E0
1.151703E2 -2.719797E0
1.152036E2 -3.486021E0
1.152369E2 -4.089865E0
1.152702E2 -4.834173E0
1.153035E2 -5.461095E0
1.153368E2 -5.482599E0
1.153701E2 -5.531022E0
1.154034E2 -5.528835E0
1.154367E2 -5.505242E0
1.154700E2 -5.292573E0
1.155033E2 -4.864171E0
1.155366E2 -4.435919E0
1.155699E2 -3.926620E0
1.156032E2 -3.248821E0
1.156365E2 -2.554382E0
1.156698E2 -1.864445E0
1.157031E2 -1.009641E0
1.157365E2 -5.759236E-2
1.157698E2 7.692194E-1
1.158031E2 1.614562E0
1.158364E2 2.462525E0
1.158697E2 3.324368E0
1.159030E2 4.138510E0
1.159363E2 5.015820E0
1.159696E2 5.694727E0
1.160029E2 6.023885E0
1.160362E2 6.309881E0
1.160695E2 6.558394E0
1.161028E2 6.560859E0
1.161361E2 6.516906E0
1.161694E2 6.377783E0
1.162027E2 5.981487E0
1.162360E2 5.735308E0
1.162693E2 5.101990E0
1.163026E2 4.423559E0
1.163359E2 3.731873E0
1.163693E2 2.831439E0
1.164026E2 2.167723E0
1.164359E2 1.189463E0
1.164692E2 2.824920E-2
1.165025E2 -8.105643E-1
1.165358E2 -1.538027E0
1.165691E2 -2.279016E0
1.166024E2 -3.123441E0
1.166357E2 -3.722702E0
1.166690E2 -4.334370E0
1.167023E2 -4.874872E0
1.167356E2 -5.444970E0
1.167689E2 -5.576981E0
1.168022E2 -5.854161E0
1.168355E2 -5.863340E0
1.168688E2 -5.483730E0
1.169021E2 -5.098977E0
1.169354E2 -4.698965E0
1.169688E2 -4.152086E0
1.170021E2 -3.462708E0
1.170354E2 -2.825407E0
1.170687E2 -1.959766E0
1.171020E2 -1.178456E0
1.171353E2 -7.768607E-1
1.171686E2 1.490623E-1
1.172019E2 8.919895E-1
1.172352E2 1.771603E0
1.172685E2 2.659940E0
1.173018E2 3.526252E0
1.173351E2 4.048971E0
1.173684E2 4.543329E0
1.174017E2 4.976005E0
1.174350E2 5.339256E0
1.174683E2 5.683383E0
1.175016E2 5.772888E0
1.175349E2 5.767632E0
1.175683E2 5.607568E0
1.176016E2 5.429207E0
1.176349E2 4.985281E0
1.176682E2 4.465956E0
1.177015E2 4.011150E0
1.177348E2 3.190385E0
1.177681E2 2.466392E0
1.178014E2 1.832140E0
1.178347E2 1.000828E0
1.178680E2 1.494096E-1
1.179013E2 -7.370000E-1
1.179346E2 -1.653251E0
1.179679E2 -2.323219E0
1.180012E2 -3.240798E0
1.180345E2 -4.067338E0
1.180678E2 -4.792301E0
1.181011E2 -5.215966E0
1.181344E2 -5.788657E0
1.181677E2 -6.176480E0
1.182011E2 -6.212742E0
1.182344E2 -6.220590E0
1.182677E2 -6.203659E0
1.183010E2 -5.955116E0
1.183343E2 -5.511774E0
1.183676E2 -4.909235E0
1.184009E2 -4.215510E0
1.184342E2 -3.355802E0
1.184675E2 -2.536982E0
1.185008E2 -1.716914E0
1.185341E2 -7.468696E-1
1.185674E2 8.109915E-2
1.186007E2 1.015100E0
1.186340E2 1.733418E0
1.186673E2 2.672485E0
1.187006E2 3.552040E0
1.187339E2 4.290960E0
1.187672E2 5.057725E0
1.188006E2 5.622304E0
1.188339E2 5.974662E0
1.188672E2 6.224866E0
1.189005E2 6.585116E0
1.189338E2 6.595806E0
1.189671E2 6.575157E0
1.190004E2 6.171625E0
1.190337E2 6.044541E0
1.190670E2 5.634451E0
1.191003E2 5.053206E0
1.191336E2 4.375292E0
1.191669E2 3.569209E0
1.192002E2 2.761023E0
1.192335E2 1.711282E0
1.192668E2 7.302064E-1
1.193001E2 9.448073E-3
1.193334E2 -9.182353E-1
1.193667E2 -1.646504E0
1.194001E2 -2.371351E0
1.194334E2 -3.120471E0
1.194667E2 -3.634126E0
1.195000E2 -4.290426E0
1.195333E2 -4.877695E0
1.195666E2 -4.988978E0
1.195999E2 -5.263540E0
1.196332E2 -5.383426E0
1.196665E2 -5.375538E0
1.196998E2 -5.232674E0
1.197331E2 -4.928171E0
1.197664E2 -4.528101E0
1.197997E2 -4.256741E0
1.198330E2 -3.712512E0
1.198663E2 -2.904173E0
1.198996E2 -2.161994E0
1.199329E2 -1.113869E0
1.199662E2 -2.880808E-1
1.199995E2 6.510367E-1
1.200329E2 1.412129E0
1.200662E2 2.277506E0
1.200995E2 2.986531E0
1.201328E2 3.848663E0
1.201661E2 4.397131E0
1.201994E2 4.983573E0
1.202327E2 5.466072E0
1.202660E2 5.872782E0
1.202993E2 6.264027E0
1.203326E2 6.258854E0
1.203659E2 6.246585E0
1.203992E2 6.114970E0
1.204325E2 5.630026E0
1.204658E2 5.327590E0
1.204991E2 4.922461E0
1.205324E2 4.406413E0
1.205657E2 3.563411E0
1.205990E2 2.603036E0
1.206324E2 1.790068E0
1.206657E2 8.890181E-1
1.206990E2 8.441889E-2
1.207323E2 -7.616273E-1
1.207656E2 -1.600778E0
1.207989E2 -2.460087E0
1.208322E2 -3.398914E0
1.208655E2 -4.041091E0
1.208988E2 -4.623405E0
1.209321E2 -4.986143E0
1.209654E2 -5.488201E0
1.209987E2 -5.432099E0
1.210320E2 -5.573125E0
1.210653E2 -5.590580E0
1.210986E2 -5.670214E0
1.211319E2 -5.362948E0
1.211652E2 -4.714893E0
1.211985E2 -4.192872E0
1.212319E2 -3.511937E0
1.212652E2 -2.870319E0
1.212985E2 -2.252347E0
1.213318E2 -1.573624E0
1.213651E2 -6.960474E-1
1.213984E2 5.024420E-1
1.214317E2 1.037637E0
1.214650E2 1.886219E0
1.214983E2 2.841853E0
1.215316E2 3.782153E0
1.215649E2 4.432964E0
1.215982E2 5.078563E0
1.216315E2 5.288297E0
1.216648E2 5.562117E0
1.216981E2 5.953090E0
1.217314E2 6.049158E0
1.217647E2 6.070023E0
1.217980E2 6.028941E0
1.218313E2 5.820174E0
1.218647E2 5.619931E0
1.218980E2 5.187384E0
1.219313E2 4.816423E0
1.219646E2 4.035870E0
1.219979E2 3.363485E0
1.220312E2 2.585508E0
1.220645E2 1.612552E0
1.220978E2 7.246233E-1
1.221311E2 -1.735931E-2
1.221644E2 -9.025105E-1
1.221977E2 -1.763178E0
1.222310E2 -2.399141E0
1.222643E2 -3.199818E0
1.222976E2 -3.956787E0
1.223309E2 -4.312705E0
1.223642E2 -4.727219E0
1.223975E2 -5.101313E0
1.224308E2 -5.145074E0
1.224642E2 -5.143290E0
1.224975E2 -5.106557E0
1.225308E2 -4.837553E0
1.225641E2 -4.687929E0
1.225974E2 -4.227436E0
1.226307E2 -3.637068E0
1.226640E2 -3.055079E0
1.226973E2 -2.338136E0
1.227306E2 -1.735252E0
1.227639E2 -1.022762E0
1.227972E2 -3.652770E-2
1.228305E2 8.936417E-1
1.228638E2 1.812196E0
1.228971E2 2.761874E0
1.229304E2 3.515602E0
1.229637E2 3.985605E0
1.229970E2 4.735906E0
1.230303E2 5.264977E0
1.230637E2 5.654585E0
1.230970E2 5.872232E0
1.231303E2 5.812408E0
1.231636E2 5.832301E0
1.231969E2 5.805945E0
1.232302E2 5.623917E0
1.232635E2 5.422331E0
1.232968E2 5.043170E0
1.233301E2 4.389512E0
1.233634E2 3.972753E0
1.233967E2 3.411694E0
1.234300E2 2.707691E0
1.234633E2 1.836795E0
1.234966E2 1.078021E0
1.235299E2 7.835349E-2
1.235632E2 -6.997079E-1
1.235965E2 -1.629923E0
1.236298E2 -2.216617E0
1.236631E2 -3.065403E0
1.236965E2 -3.790378E0
1.237298E2 -4.283354E0
1.237631E2 -4.634895E0
1.237964E2 -5.077409E0
1.238297E2 -5.310820E0
1.238630E2 -5.500613E0
1.238963E2 -5.524076E0
1.239296E2 -5.527692E0
1.239629E2 -5.295905E0
1.239962E2 -4.775733E0
1.240295E2 -4.222550E0
1.240628E2 -3.586429E0
1.240961E2 -3.112609E0
1.241294E2 -2.190931E0
1.241627E2 -1.506022E0
1.241960E2 -5.523744E-1
1.242293E2 2.659849E-1
1.242626E2 1.297102E0
1.242960E2 2.228472E0
1.243293E2 3.041156E0
1.243626E2 3.606479E0
1.243959E2 3.972653E0
1.244292E2 4.653706E0
1.244625E2 5.174909E0
1.244958E2 5.516104E0
1.245291E2 5.736734E0
1.245624E2 5.731029E0
1.245957E2 5.721354E0
1.246290E2 5.614232E0
1.246623E2 5.501787E0
1.246956E2 5.026313E0
1.247289E2 4.552127E0
1.247622E2 4.057798E0
1.247955E2 3.423870E0
1.248288E2 2.932628E0
1.248621E2 2.347968E0
1.248955E2 1.447189E0
1.249288E2 4.199225E-1
1.249621E2 -4.372276E-1
1.249954E2 -1.419662E0
1.250287E2 -2.062291E0
1.250620E2 -2.538856E0
1.250953E2 -3.262250E0
1.251286E2 -3.751222E0
1.251619E2 -4.457088E0
1.251952E2 -4.834066E0
1.252285E2 -5.033364E0
1.252618E2 -5.200265E0
1.252951E2 -5.214796E0
1.253284E2 -5.162499E0
1.253617E2 -4.799788E0
1.253950E2 -4.606791E0
1.254283E2 -4.128149E0
1.254616E2 -3.746154E0
1.254949E2 -3.057049E0
1.255283E2 -2.231609E0
1.255616E2 -1.378049E0
1.255949E2 -5.903799E-1
1.256282E2 3.368618E-1
1.256615E2 1.032245E0
1.256948E2 1.939996E0
1.257281E2 2.726081E0
1.257614E2 3.566528E0
1.257947E2 4.359540E0
1.258280E2 4.930098E0
1.258613E2 5.486573E0
1.258946E2 5.855116E0
1.259279E2 6.108616E0
1.259612E2 6.305609E0
1.259945E2 6.301860E0
1.260278E2 6.250155E0
1.260611E2 6.110856E0
1.260944E2 5.725094E0
1.261278E2 5.290695E0
1.261611E2 4.579726E0
1.261944E2 3.957747E0
1.262277E2 3.213980E0
1.262610E2 2.507152E0
1.262943E2 1.785327E0
1.263276E2 9.696099E-1
1.263609E2 1.641341E-1
1.263942E2 -6.345741E-1
1.264275E2 -1.491838E0
1.264608E2 -2.648948E0
1.264941E2 -2.991463E0
1.265274E2 -3.618859E0
1.265607E2 -4.159368E0
1.265940E2 -4.658928E0
1.266273E2 -4.954890E0
1.266606E2 -5.038816E0
1.266939E2 -5.044637E0
1.267273E2 -5.037657E0
1.267606E2 -4.721632E0
1.267939E2 -4.401612E0
1.268272E2 -4.029197E0
1.268605E2 -3.456712E0
1.268938E2 -2.923362E0
1.269271E2 -2.295798E0
1.269604E2 -1.663707E0
1.269937E2 -9.165364E-1
1.270270E2 -1.674400E-1
1.270603E2 8.335892E-1
1.270936E2 1.674457E0
1.271269E2 2.421849E0
1.271602E2 2.829045E0
1.271935E2 3.279015E0
1.272268E2 4.040470E0
1.272601E2 4.641327E0
1.272934E2 5.066598E0
1.273267E2 5.351275E0
1.273601E2 5.522339E0
1.273934E2 5.512317E0
1.274267E2 5.509178E0
1.274600E2 5.353238E0
1.274933E2 5.126980E0
1.275266E2 4.704196E0
1.275599E2 4.264309E0
1.275932E2 3.593314E0
1.276265E2 3.048778E0
1.276598E2 2.210620E0
1.276931E2 1.942910E0
1.277264E2 1.299156E0
1.277597E2 3.989502E-1
1.277930E2 -4.322361E-1
1.278263E2 -1.275934E0
1.278596E2 -2.044183E0
1.278929E2 -2.722284E0
1.279262E2 -3.265752E0
1.279596E2 -3.763670E0
1.279929E2 -4.272640E0
1.280262E2 -4.876079E0
1.280595E2 -4.917087E0
1.280928E2 -5.362104E0
1.281261E2 -5.376006E0
1.281594E2 -5.304583E0
1.281927E2 -5.211471E0
1.282260E2 -4.524052E0
1.282593E2 -3.978259E0
1.282926E2 -3.199991E0
1.283259E2 -2.548914E0
1.283592E2 -1.830739E0
1.283925E2 -9.940360E-1
1.284258E2 -2.306308E-1
1.284591E2 4.127870E-1
1.284924E2 1.046207E0
1.285257E2 1.924789E0
1.285591E2 2.670799E0
1.285924E2 3.694745E0
1.286257E2 4.376081E0
1.286590E2 4.835837E0
1.286923E2 5.224600E0
1.287256E2 5.393502E0
1.287589E2 5.686053E0
1.287922E2 5.775413E0
1.288255E2 5.769439E0
1.288588E2 5.722350E0
1.288921E2 5.449790E0
1.289254E2 5.242979E0
1.289587E2 4.722515E0
1.289920E2 4.075259E0
1.290253E2 3.554213E0
1.290586E2 2.981084E0
1.290919E2 2.298107E0
1.291252E2 1.533216E0
1.291585E2 4.995560E-1
1.291919E2 -3.349087E-1
1.292252E2 -7.915409E-1
1.292585E2 -1.734469E0
1.292918E2 -2.552519E0
1.293251E2 -3.294336E0
1.293584E2 -3.883689E0
1.293917E2 -4.395492E0
1.294250E2 -4.751202E0
1.294583E2 -5.207473E0
1.294916E2 -5.347521E0
1.295249E2 -5.361302E0
1.295582E2 -5.321895E0
1.295915E2 -5.139576E0
1.296248E2 -4.627123E0
1.296581E2 -3.969202E0
1.296914E2 -3.502441E0
1.297247E2 -2.885435E0
1.297580E2 -2.182977E0
1.297914E2 -1.468298E0
1.298247E2 -5.327895E-1
1.298580E2 1.853773E-1
1.298913E2 8.410756E-1
1.299246E2 1.751509E0
1.299579E2 2.414760E0
1.299912E2 3.247564E0
1.300245E2 3.869407E0
1.300578E2 4.370485E0
1.300911E2 4.735933E0
1.301244E2 5.367845E0
1.301577E2 5.736838E0
1.301910E2 5.949518E0
1.302243E2 5.972577E0
1.302576E2 5.948488E0
1.302909E2 5.745876E0
1.303242E2 5.314585E0
1.303575E2 4.895883E0
1.303909E2 4.529227E0
1.304242E2 3.948865E0
1.304575E2 3.302654E0
1.304908E2 2.454459E0
1.305241E2 1.700032E0
1.305574E2 8.905555E-1
1.305907E2 1.380408E-1
1.306240E2 -6.482908E-1
1.306573E2 -1.230519E0
1.306906E2 -2.048536E0
1.307239E2 -2.903870E0
1.307572E2 -3.490003E0
1.307905E2 -4.014601E0
1.308238E2 -4.190354E0
1.308571E2 -4.796556E0
1.308904E2 -4.825855E0
1.309237E2 -4.844036E0
1.309570E2 -4.828514E0
1.309903E2 -4.633251E0
1.310237E2 -4.409427E0
1.310570E2 -3.946659E0
1.310903E2 -3.345370E0
1.311236E2 -2.817402E0
1.311569E2 -2.221774E0
1.311902E2 -1.474390E0
1.312235E2 -8.452179E-1
1.312568E2 7.857992E-3
1.312901E2 6.101850E-1
1.313234E2 1.298025E0
1.313567E2 2.183156E0
1.313900E2 2.898460E0
1.314233E2 3.522731E0
1.314566E2 4.247997E0
1.314899E2 4.642086E0
1.315232E2 4.993074E0
1.315565E2 5.290872E0
1.315898E2 5.510741E0
1.316232E2 5.544589E0
1.316565E2 5.560392E0
1.316898E2 5.366085E0
1.317231E2 5.331257E0
1.317564E2 4.996783E0
1.317897E2 4.623407E0
1.318230E2 3.984800E0
1.318563E2 3.346024E0
1.318896E2 2.579312E0
1.319229E2 1.811182E0
1.319562E2 1.025231E0
1.319895E2 9.799134E-2
1.320228E2 -5.120429E-1
1.320561E2 -1.266355E0
1.320894E2 -2.184375E0
1.321227E2 -2.725424E0
1.321560E2 -3.079532E0
1.321893E2 -3.509772E0
1.322227E2 -3.953518E0
1.322560E2 -4.395022E0
1.322893E2 -4.607533E0
1.323226E2 -4.690739E0
1.323559E2 -4.674837E0
1.323892E2 -4.677216E0
1.324225E2 -4.381584E0
1.324558E2 -4.033541E0
1.324891E2 -3.810988E0
1.325224E2 -3.242198E0
1.325557E2 -2.618743E0
1.325890E2 -2.023073E0
1.326223E2 -1.194644E0
1.326556E2 -4.736905E-1
1.326889E2 4.448593E-1
1.327222E2 1.111531E0
1.327555E2 2.000113E0