x y dx dy
0.000000E0 2.048595E1
3.331111E-2 2.047201E1
6.661111E-2 2.045657E1
9.992222E-2 1.957478E1
1.332222E-1 1.855880E1
1.665222E-1 1.711454E1
1.998333E-1 1.531947E1
2.331333E-1 1.330776E1
2.664444E-1 1.115581E1
2.997444E-1 8.819614E0
3.330556E-1 5.995864E0
3.663556E-1 3.788429E0
3.996667E-1 1.356874E0
4.329667E-1 -1.123053E0
4.662778E-1 -3.606514E0
4.995778E-1 -6.066599E0
5.328889E-1 -8.396613E0
5.661889E-1 -1.057967E1
5.995000E-1 -1.257283E1
6.328000E-1 -1.438229E1
6.661111E-1 -1.589166E1
6.994111E-1 -1.711672E1
7.327222E-1 -1.841610E1
7.660222E-1 -1.897302E1
7.993333E-1 -1.913491E1
8.326333E-1 -1.907908E1
8.659444E-1 -1.869837E1
8.992444E-1 -1.791161E1
9.325556E-1 -1.710620E1
9.658556E-1 -1.564573E1
9.991667E-1 -1.392639E1
1.032467E0 -1.196053E1
1.065778E0 -9.754790E0
1.099078E0 -7.287421E0
1.132389E0 -5.023846E0
1.165689E0 -2.363635E0
1.199000E0 6.671652E-1
1.232300E0 3.533112E0
1.265611E0 5.605489E0
1.298911E0 8.365706E0
1.332222E0 1.060730E1
1.365522E0 1.254105E1
1.398833E0 1.447223E1
1.432133E0 1.586483E1
1.465444E0 1.726200E1
1.498744E0 1.813005E1
1.532056E0 1.876731E1
1.565356E0 1.885224E1
1.598667E0 1.887841E1
1.631967E0 1.832059E1
1.665278E0 1.772415E1
1.698578E0 1.660098E1
1.731889E0 1.507129E1
1.765189E0 1.354648E1
1.798500E0 1.170833E1
1.831800E0 9.648255E0
1.865111E0 7.497168E0
1.898411E0 5.220359E0
1.931722E0 2.808668E0
1.965022E0 4.278012E-1
1.998322E0 -2.435347E0
2.031633E0 -5.010313E0
2.064933E0 -7.807599E0
2.098244E0 -1.026109E1
2.131544E0 -1.266194E1
2.164856E0 -1.465613E1
2.198156E0 -1.634669E1
2.231467E0 -1.782866E1
2.264767E0 -1.894125E1
2.298078E0 -1.984178E1
2.331378E0 -2.049162E1
2.364689E0 -2.066978E1
2.397989E0 -2.049045E1
2.431300E0 -1.985353E1
2.464600E0 -1.885389E1
2.497911E0 -1.728707E1
2.531211E0 -1.551383E1
2.564522E0 -1.369240E1
2.597822E0 -1.157245E1
2.631133E0 -9.327062E0
2.664433E0 -6.862466E0
2.697744E0 -4.364681E0
2.731044E0 -1.816520E0
2.764356E0 1.240571E0
2.797656E0 3.768540E0
2.830967E0 6.208752E0
2.864267E0 9.028796E0
2.897578E0 1.146310E1
2.930878E0 1.358319E1
2.964189E0 1.549514E1
2.997489E0 1.710052E1
3.030800E0 1.837504E1
3.064100E0 1.936960E1
3.097411E0 1.995219E1
3.130711E0 2.021438E1
3.164022E0 2.008526E1
3.197322E0 1.957666E1
3.230633E0 1.873063E1
3.263933E0 1.758385E1
3.297244E0 1.614856E1
3.330544E0 1.441689E1
3.363856E0 1.242051E1
3.397156E0 1.027259E1
3.430467E0 7.922430E0
3.463767E0 5.511555E0
3.497078E0 2.903080E0
3.530378E0 4.129428E-1
3.563689E0 -2.109719E0
3.596989E0 -4.438471E0
3.630300E0 -6.795893E0
3.663600E0 -9.123653E0
3.696911E0 -1.113086E1
3.730211E0 -1.298494E1
3.763522E0 -1.452431E1
3.796822E0 -1.593171E1
3.830122E0 -1.691350E1
3.863433E0 -1.763611E1
3.896733E0 -1.801981E1
3.930044E0 -1.809356E1
3.963344E0 -1.786630E1
3.996656E0 -1.732640E1
4.029956E0 -1.654791E1
4.063267E0 -1.541229E1
4.096567E0 -1.388495E1
4.129878E0 -1.204294E1
4.163178E0 -9.949078E0
4.196489E0 -7.571059E0
4.229789E0 -5.185481E0
4.263100E0 -2.707070E0
4.296400E0 -4.472834E-1
4.329711E0 2.198765E0
4.363011E0 4.843760E0
4.396322E0 7.407427E0
4.429622E0 9.797271E0
4.462933E0 1.206865E1
4.496233E0 1.427655E1
4.529544E0 1.610810E1
4.562844E0 1.777141E1
4.596156E0 1.887299E1
4.729378E0 1.978314E1
4.762678E0 1.916468E1
4.795989E0 1.835316E1
4.829289E0 1.713227E1
4.862600E0 1.559510E1
4.895900E0 1.376416E1
4.929211E0 1.161963E1
4.962511E0 9.429229E0
4.995822E0 7.077342E0
5.029122E0 4.610682E0
5.062433E0 2.017294E0
5.095733E0 -1.660957E-1
5.129044E0 -2.912361E0
5.162344E0 -5.361616E0
5.195656E0 -7.650365E0
5.228956E0 -9.862624E0
5.262267E0 -1.198790E1
5.295567E0 -1.376885E1
5.328878E0 -1.527366E1
5.362178E0 -1.653819E1
5.395489E0 -1.759418E1
5.428789E0 -1.831832E1
5.462100E0 -1.886474E1
5.495400E0 -1.891512E1
5.528711E0 -1.870664E1
5.562011E0 -1.805849E1
5.595322E0 -1.695310E1
5.628622E0 -1.567333E1
5.661922E0 -1.398299E1
5.695233E0 -1.208561E1
5.728533E0 -9.947472E0
5.761844E0 -7.733568E0
5.795144E0 -5.340365E0
5.828456E0 -2.859467E0
5.861756E0 -5.059691E-1
5.895067E0 2.234608E0
5.928367E0 4.843514E0
5.961678E0 7.220915E0
5.994978E0 9.528968E0
6.028289E0 1.167283E1
6.061589E0 1.353241E1
6.094900E0 1.504126E1
6.128200E0 1.639274E1
6.161511E0 1.742106E1
6.194811E0 1.790353E1
6.228122E0 1.868544E1
6.261422E0 1.870651E1
6.294733E0 1.846654E1
6.328033E0 1.794290E1
6.361344E0 1.710737E1
6.394644E0 1.581451E1
6.427956E0 1.427339E1
6.461256E0 1.219197E1
6.494567E0 1.016889E1
6.527867E0 8.036153E0
6.561178E0 5.880262E0
6.594478E0 3.456237E0
6.627789E0 1.051853E0
6.661089E0 -1.441555E0
6.694400E0 -3.869005E0
6.727700E0 -6.303206E0
6.761011E0 -8.527035E0
6.794311E0 -1.058684E1
6.827622E0 -1.250839E1
6.860922E0 -1.420235E1
6.894233E0 -1.555950E1
6.927533E0 -1.683563E1
6.960844E0 -1.782536E1
6.994144E0 -1.848043E1
7.027456E0 -1.877152E1
7.060756E0 -1.866185E1
7.094067E0 -1.822112E1
7.127367E0 -1.668138E1
7.160678E0 -1.576092E1
7.193978E0 -1.437225E1
7.227289E0 -1.281930E1
7.260589E0 -1.099620E1
7.293900E0 -8.964648E0
7.327200E0 -6.685279E0
7.360511E0 -4.430304E0
7.393811E0 -2.067725E0
7.427122E0 4.186466E-1
7.460422E0 2.881509E0
7.493722E0 5.262606E0
7.527033E0 7.529832E0
7.560333E0 9.720951E0
7.593644E0 1.169270E1
7.626944E0 1.338189E1
7.660256E0 1.480236E1
7.693556E0 1.598871E1
7.726867E0 1.685000E1
7.760167E0 1.739650E1
7.793478E0 1.768017E1
7.826778E0 1.769211E1
7.860089E0 1.741164E1
7.893389E0 1.685505E1
7.926700E0 1.598671E1
7.960000E0 1.476974E1
7.993311E0 1.328609E1
8.026611E0 1.160951E1
8.059922E0 9.672422E0
8.093222E0 7.602019E0
8.126533E0 5.322247E0
8.159833E0 2.988946E0
8.193144E0 6.643682E-1
8.226444E0 -1.668582E0
8.259756E0 -3.974455E0
8.293056E0 -6.185619E0
8.326367E0 -8.327505E0
8.359667E0 -1.020074E1
8.392978E0 -1.189057E1
8.426278E0 -1.345527E1
8.459589E0 -1.452726E1
8.492889E0 -1.581480E1
8.526200E0 -1.651638E1
8.559500E0 -1.692905E1
8.592811E0 -1.697817E1
8.626111E0 -1.697726E1
8.659422E0 -1.621995E1
8.692722E0 -1.562248E1
8.726033E0 -1.469875E1
8.759333E0 -1.336613E1
8.792644E0 -1.180455E1
8.825944E0 -1.003954E1
8.859256E0 -8.058226E0
8.892556E0 -5.945755E0
8.925867E0 -3.655837E0
8.959167E0 -1.256685E0
8.992478E0 1.092042E0
9.025778E0 3.547696E0
9.059089E0 5.908089E0
9.092389E0 8.103240E0
9.125700E0 1.026590E1
9.159000E0 1.213301E1
9.192311E0 1.364693E1
9.225611E0 1.523913E1
9.258922E0 1.644721E1
9.292222E0 1.723861E1
9.325522E0 1.749152E1
9.358833E0 1.770754E1
9.392133E0 1.754212E1
9.425444E0 1.709758E1
9.458744E0 1.649545E1
9.492056E0 1.535496E1
9.525356E0 1.415725E1
9.558667E0 1.249606E1
9.591967E0 1.069698E1
9.625278E0 8.874177E0
9.658578E0 6.745872E0
9.691889E0 4.533431E0
9.725189E0 2.769962E0
9.758500E0 3.975850E-1
9.791800E0 -1.555592E0
9.825111E0 -3.782642E0
9.858411E0 -5.883421E0
9.891722E0 -7.888755E0
9.925022E0 -9.761825E0
9.958333E0 -1.135346E1
9.991633E0 -1.278051E1
1.002494E1 -1.396454E1
1.005824E1 -1.485335E1
1.009156E1 -1.545966E1
1.012486E1 -1.575248E1
1.015817E1 -1.579431E1
1.019147E1 -1.561646E1
1.022478E1 -1.516477E1
1.025808E1 -1.435023E1
1.029139E1 -1.323741E1
1.032469E1 -1.186131E1
1.035800E1 -1.026151E1
1.039130E1 -8.411649E0
1.042461E1 -6.398496E0
1.045791E1 -4.158573E0
1.049122E1 -2.180999E0
1.052452E1 5.028093E-1
1.055783E1 2.695748E0
1.059113E1 5.161066E0
1.062444E1 7.413564E0
1.065774E1 9.674076E0
1.069106E1 1.165672E1
1.072436E1 1.345149E1
1.075767E1 1.512153E1
1.079097E1 1.631528E1
1.082428E1 1.729579E1
1.085758E1 1.806260E1
1.089089E1 1.852765E1
1.092419E1 1.865555E1
1.095750E1 1.841048E1
1.099080E1 1.790007E1
1.102411E1 1.706476E1
1.105741E1 1.594129E1
1.109072E1 1.448971E1
1.112402E1 1.279165E1
1.115732E1 1.109017E1
1.119063E1 9.069051E0
1.122393E1 6.931657E0
1.125724E1 4.743726E0
1.129054E1 2.383887E0
1.132386E1 2.937133E-1
1.135716E1 -1.917600E0
1.139047E1 -4.185789E0
1.142377E1 -6.271013E0
1.145708E1 -8.245693E0
1.149038E1 -1.003365E1
1.152369E1 -1.171402E1
1.155699E1 -1.307794E1
1.159030E1 -1.419003E1
1.162360E1 -1.472713E1
1.165691E1 -1.526209E1
1.169021E1 -1.565204E1
1.172352E1 -1.568352E1
1.175682E1 -1.548422E1
1.179013E1 -1.495274E1
1.182343E1 -1.402263E1
1.185674E1 -1.269896E1
1.189004E1 -1.128610E1
1.192336E1 -9.567000E0
1.195666E1 -7.669747E0
1.198997E1 -5.504982E0
1.202327E1 -3.286671E0
1.205658E1 -1.145832E0
1.208988E1 1.318254E0
1.212319E1 3.681415E0
1.215649E1 6.003125E0
1.218980E1 8.159758E0
1.222310E1 1.026992E1
1.225641E1 1.220173E1
1.228971E1 1.391292E1
1.232302E1 1.534508E1
1.235632E1 1.651775E1
1.238963E1 1.743766E1
1.242293E1 1.785972E1
1.245624E1 1.807767E1
1.248954E1 1.809937E1
1.252286E1 1.782930E1
1.255616E1 1.721677E1
1.258947E1 1.624850E1
1.262277E1 1.517181E1
1.265608E1 1.380582E1
1.268938E1 1.216117E1
1.272269E1 1.032980E1
1.275599E1 8.376539E0
1.278930E1 6.121259E0
1.282260E1 3.920329E0
1.285591E1 1.677981E0
1.288921E1 -2.409235E-1
1.292252E1 -2.718900E0
1.295582E1 -4.769419E0
1.298912E1 -6.904925E0
1.302243E1 -8.792283E0
1.305573E1 -1.046050E1
1.308904E1 -1.196273E1
1.312234E1 -1.290738E1
1.315566E1 -1.388094E1
1.318896E1 -1.459647E1
1.322227E1 -1.511433E1
1.325557E1 -1.530827E1
1.328888E1 -1.542680E1
1.332218E1 -1.480343E1
1.335549E1 -1.416900E1
1.338879E1 -1.349434E1
1.342210E1 -1.213627E1
1.345540E1 -1.071445E1
1.348871E1 -9.021305E0
1.352201E1 -7.119448E0
1.355532E1 -4.936074E0
1.358862E1 -2.809983E0
1.362193E1 -4.603892E-1
1.365523E1 1.566929E0
1.368854E1 3.781512E0
1.372184E1 6.140592E0
1.375516E1 8.306621E0
1.378846E1 1.021971E1
1.382177E1 1.196839E1
1.385507E1 1.354980E1
1.388838E1 1.487655E1
1.392168E1 1.607692E1
1.395499E1 1.679990E1
1.398829E1 1.729151E1
1.402160E1 1.749069E1
1.405490E1 1.735253E1
1.408821E1 1.695480E1
1.412151E1 1.628204E1
1.415482E1 1.530349E1
1.418812E1 1.408739E1
1.422143E1 1.261136E1
1.425473E1 1.095519E1
1.428804E1 9.054606E0
1.432134E1 7.083187E0
1.435466E1 5.109724E0
1.438796E1 3.001673E0
1.442127E1 6.881926E-1
1.445457E1 -1.373649E0
1.448788E1 -3.488721E0
1.452118E1 -5.524248E0
1.455449E1 -7.382345E0
1.458779E1 -9.147980E0
1.462110E1 -1.072172E1
1.465440E1 -1.214436E1
1.468771E1 -1.326046E1
1.472101E1 -1.402149E1
1.475432E1 -1.459979E1
1.478762E1 -1.502466E1
1.482092E1 -1.504107E1
1.485423E1 -1.499515E1
1.488753E1 -1.457858E1
1.492084E1 -1.387871E1
1.495414E1 -1.284983E1
1.498746E1 -1.151739E1
1.502076E1 -9.952905E0
1.505407E1 -8.145375E0
1.508737E1 -6.341253E0
1.512068E1 -4.256660E0
1.515398E1 -2.070731E0
1.518729E1 2.375766E-1
1.522059E1 2.348531E0
1.525390E1 4.674139E0
1.528720E1 6.820860E0
1.532051E1 8.965126E0
1.535381E1 1.079109E1
1.538712E1 1.248594E1
1.542042E1 1.395937E1
1.545373E1 1.524681E1
1.548703E1 1.618965E1
1.552034E1 1.683427E1
1.555364E1 1.723376E1
1.558696E1 1.734022E1
1.562026E1 1.711941E1
1.565357E1 1.669743E1
1.568687E1 1.592070E1
1.572018E1 1.488565E1
1.575348E1 1.359899E1
1.578679E1 1.203541E1
1.582009E1 1.028297E1
1.585340E1 8.426108E0
1.588670E1 6.432999E0
1.592001E1 4.547200E0
1.595331E1 2.452618E0
1.598662E1 3.853585E-1
1.601992E1 -1.829868E0
1.605323E1 -3.876143E0
1.608653E1 -5.916257E0
1.611984E1 -7.593577E0
1.615314E1 -9.317373E0
1.618646E1 -1.086848E1
1.621976E1 -1.212204E1
1.625307E1 -1.327411E1
1.628637E1 -1.397832E1
1.631968E1 -1.434195E1
1.635298E1 -1.467348E1
1.638629E1 -1.467586E1
1.641959E1 -1.460076E1
1.645290E1 -1.398569E1
1.648620E1 -1.313755E1
1.651951E1 -1.201212E1
1.655281E1 -1.068348E1
1.658612E1 -9.128638E0
1.661942E1 -7.220555E0
1.665272E1 -5.289962E0
1.668603E1 -3.260281E0
1.671933E1 -1.246908E0
1.675264E1 1.018114E0
1.678594E1 3.120517E0
1.681926E1 5.414519E0
1.685256E1 7.354468E0
1.688587E1 9.212969E0
1.691917E1 1.111974E1
1.695248E1 1.280008E1
1.698578E1 1.421685E1
1.701909E1 1.529657E1
1.705239E1 1.613844E1
1.708570E1 1.670177E1
1.711900E1 1.692639E1
1.715231E1 1.690992E1
1.718561E1 1.657957E1
1.721892E1 1.596992E1
1.725222E1 1.505567E1
1.728553E1 1.401684E1
1.731883E1 1.263406E1
1.735214E1 1.108963E1
1.738544E1 9.395423E0
1.741876E1 7.496145E0
1.745206E1 5.551738E0
1.748537E1 3.460685E0
1.751867E1 1.445053E0
1.755198E1 -5.345090E-1
1.758528E1 -2.721922E0
1.761859E1 -4.694483E0
1.765189E1 -6.514675E0
1.768520E1 -8.345365E0
1.771850E1 -9.939748E0
1.775181E1 -1.124935E1
1.778511E1 -1.245552E1
1.781842E1 -1.336018E1
1.785172E1 -1.392935E1
1.788503E1 -1.434909E1
1.791833E1 -1.450729E1
1.795164E1 -1.440981E1
1.798494E1 -1.406098E1
1.801826E1 -1.358081E1
1.805156E1 -1.267759E1
1.808487E1 -1.162540E1
1.811817E1 -1.018017E1
1.815148E1 -8.588347E0
1.818478E1 -6.791858E0
1.821809E1 -4.870623E0
1.825139E1 -2.848474E0
1.828470E1 -5.862140E-1
1.831800E1 1.438340E0
1.835131E1 3.550805E0
1.838461E1 5.565386E0
1.841792E1 7.626381E0
1.845122E1 9.487684E0
1.848452E1 1.124008E1
1.851783E1 1.277202E1
1.855113E1 1.407050E1
1.858444E1 1.507840E1
1.861774E1 1.585312E1
1.865106E1 1.624682E1
1.868436E1 1.638703E1
1.871767E1 1.629767E1
1.875097E1 1.593962E1
1.878428E1 1.530038E1
1.881758E1 1.440351E1
1.885089E1 1.324582E1
1.888419E1 1.189266E1
1.891750E1 1.019017E1
1.895080E1 8.552570E0
1.898411E1 6.724884E0
1.901741E1 4.816283E0
1.905072E1 2.700093E0
1.908402E1 7.476640E-1
1.911733E1 -1.234368E0
1.915063E1 -3.206523E0
1.918394E1 -5.140943E0
1.921724E1 -6.889695E0
1.925056E1 -8.672007E0
1.928386E1 -1.010031E1
1.931717E1 -1.133736E1
1.935047E1 -1.250777E1
1.938378E1 -1.324061E1
1.941708E1 -1.381542E1
1.945039E1 -1.401656E1
1.948369E1 -1.404708E1
1.951700E1 -1.386711E1
1.955030E1 -1.350860E1
1.958361E1 -1.281498E1
1.961691E1 -1.178009E1
1.965022E1 -1.050419E1
1.968352E1 -9.273725E0
1.971683E1 -7.647636E0
1.975013E1 -5.626909E0
1.978344E1 -3.719892E0
1.981674E1 -1.760755E0
1.985006E1 4.223818E-1
1.988336E1 2.497399E0
1.991667E1 4.561424E0
1.994997E1 6.635725E0
1.998328E1 8.519555E0
2.001658E1 1.033099E1
2.004989E1 1.194420E1
2.008319E1 1.334187E1
2.011650E1 1.449680E1
2.014980E1 1.534696E1
2.018311E1 1.593631E1
2.021641E1 1.617935E1
2.024972E1 1.626441E1
2.028302E1 1.608126E1
2.031632E1 1.562868E1
2.034963E1 1.490860E1
2.038293E1 1.387675E1
2.041624E1 1.262378E1
2.044954E1 1.118122E1
2.048286E1 9.447329E0
2.051616E1 7.740229E0
2.054947E1 5.914737E0
2.058277E1 3.983932E0
2.061608E1 2.085656E0
2.064938E1 1.503156E-1
2.068269E1 -1.955370E0
2.071599E1 -3.839922E0
2.074930E1 -5.605049E0
2.078260E1 -7.324768E0
2.081591E1 -9.010934E0
2.084921E1 -1.031845E1
2.088252E1 -1.146618E1
2.091582E1 -1.249800E1
2.094913E1 -1.308004E1
2.098243E1 -1.372472E1
2.101574E1 -1.377314E1
2.104904E1 -1.372745E1
2.108236E1 -1.363132E1
2.111566E1 -1.314129E1
2.114897E1 -1.217922E1
2.118227E1 -1.108835E1
2.121558E1 -9.879307E0
2.124888E1 -8.477352E0
2.128219E1 -6.671167E0
2.131549E1 -4.825137E0
2.134880E1 -2.934248E0
2.138210E1 -9.413418E-1
2.141541E1 1.151093E0
2.144871E1 3.158553E0
2.148202E1 5.139459E0
2.151532E1 7.043354E0
2.154863E1 8.900439E0
2.158193E1 1.060553E1
2.161524E1 1.209570E1
2.164854E1 1.332491E1
2.168186E1 1.437915E1
2.171516E1 1.512696E1
2.174847E1 1.562140E1
2.178177E1 1.589627E1
2.181508E1 1.588404E1
2.184838E1 1.545140E1
2.188169E1 1.487296E1
2.191499E1 1.408124E1
2.194830E1 1.300561E1
2.198160E1 1.171245E1
2.201491E1 1.023874E1
2.204821E1 8.628240E0
2.208152E1 6.850983E0
2.211482E1 4.995345E0
2.214812E1 3.032775E0
2.218143E1 1.132610E0
2.221473E1 -1.256335E0
2.224804E1 -3.283974E0
2.228134E1 -5.145143E0
2.231466E1 -6.856400E0
2.234796E1 -8.483615E0
2.238127E1 -1.002826E1
2.241457E1 -1.136943E1
2.244788E1 -1.260146E1
2.248118E1 -1.351283E1
2.251449E1 -1.413782E1
2.254779E1 -1.448208E1
2.258110E1 -1.458609E1
2.261440E1 -1.448142E1
2.264771E1 -1.412833E1
2.268101E1 -1.349253E1
2.271432E1 -1.251769E1
2.274762E1 -1.145203E1
2.278093E1 -1.014110E1
2.281423E1 -8.640614E0
2.284754E1 -6.958536E0
2.288084E1 -5.042945E0
2.291416E1 -3.088508E0
2.294746E1 -1.314757E0
2.298077E1 4.526055E-1
2.301407E1 2.602312E0
2.304738E1 4.602912E0
2.308068E1 6.495195E0
2.311399E1 8.088359E0
2.314729E1 9.516839E0
2.318060E1 1.101567E1
2.321390E1 1.225502E1
2.324721E1 1.311537E1
2.328051E1 1.388196E1
2.331382E1 1.439755E1
2.334712E1 1.447353E1
2.338043E1 1.441855E1
2.341373E1 1.403427E1
2.344704E1 1.350131E1
2.348034E1 1.257672E1
2.351366E1 1.141147E1
2.354696E1 9.650350E0
2.358027E1 8.513808E0
2.361357E1 6.883821E0
2.364688E1 5.137441E0
2.368018E1 3.291335E0
2.371349E1 1.377744E0
2.374679E1 -9.052171E-1
2.378010E1 -2.866239E0
2.381340E1 -4.710632E0
2.384671E1 -6.541185E0
2.388001E1 -8.143591E0
2.391332E1 -9.740317E0
2.394662E1 -1.113643E1
2.397992E1 -1.237711E1
2.401323E1 -1.340523E1
2.404653E1 -1.417059E1
2.407984E1 -1.477074E1
2.411314E1 -1.511833E1
2.414646E1 -1.516093E1
2.417976E1 -1.493594E1
2.421307E1 -1.440865E1
2.424637E1 -1.368876E1
2.427968E1 -1.269790E1
2.431298E1 -1.154726E1
2.434629E1 -1.017006E1
2.437959E1 -8.602958E0
2.441290E1 -6.829501E0
2.444620E1 -5.075615E0
2.447951E1 -3.152050E0
2.451281E1 -1.308442E0
2.454612E1 6.407448E-1
2.457942E1 2.632679E0
2.461273E1 4.483803E0
2.464603E1 6.233358E0
2.467934E1 7.899752E0
2.471264E1 9.343928E0
2.474596E1 1.055531E1
2.477926E1 1.156807E1
2.481257E1 1.237000E1
2.484587E1 1.291328E1
2.487918E1 1.321521E1
2.491248E1 1.321918E1
2.494579E1 1.301568E1
2.497909E1 1.257775E1
2.501240E1 1.188674E1
2.504570E1 1.096373E1
2.507901E1 9.824263E0
2.511231E1 8.504405E0
2.514562E1 7.017710E0
2.517892E1 5.437976E0
2.521223E1 3.684814E0
2.524553E1 1.876720E0
2.527884E1 4.050656E-1
2.531214E1 -1.457573E0
2.534546E1 -3.358722E0
2.537876E1 -5.228951E0
2.541207E1 -6.922437E0
2.544537E1 -8.530100E0
2.547868E1 -1.004005E1
2.551198E1 -1.141146E1
2.554529E1 -1.253264E1
2.557859E1 -1.347479E1
2.561190E1 -1.410341E1
2.564520E1 -1.459351E1
2.567851E1 -1.482990E1
2.571181E1 -1.483284E1
2.574512E1 -1.451038E1
2.577842E1 -1.393435E1
2.581172E1 -1.311766E1
2.584503E1 -1.210656E1
2.587833E1 -1.087070E1
2.591164E1 -9.454758E0
2.594494E1 -7.861859E0
2.597826E1 -6.139029E0
2.601156E1 -4.280033E0
2.604487E1 -2.328303E0
2.607817E1 -6.121043E-1
2.611148E1 1.640311E0
2.614478E1 3.367216E0
2.617809E1 5.178933E0
2.621139E1 6.895743E0
2.624470E1 8.537087E0
2.627800E1 9.884249E0
2.631131E1 1.093924E1
2.634461E1 1.193632E1
2.637792E1 1.293834E1
2.641122E1 1.297836E1
2.644453E1 1.331980E1
2.647783E1 1.332330E1
2.651114E1 1.305769E1
2.654444E1 1.221495E1
2.657776E1 1.143117E1
2.661106E1 1.040216E1
2.664437E1 9.653431E0
2.667767E1 8.271490E0
2.671098E1 6.451420E0
2.674428E1 4.802822E0
2.677759E1 3.076373E0
2.681089E1 1.505852E0
2.684420E1 -7.227677E-1
2.687750E1 -2.273251E0
2.691081E1 -4.076807E0
2.694411E1 -5.695932E0
2.697742E1 -7.418607E0
2.701072E1 -8.859648E0
2.704403E1 -1.032336E1
2.707733E1 -1.140916E1
2.711064E1 -1.258280E1
2.714394E1 -1.330853E1
2.717726E1 -1.386208E1
2.721056E1 -1.424842E1
2.724387E1 -1.444488E1
2.727717E1 -1.415973E1
2.731048E1 -1.394638E1
2.734378E1 -1.332946E1
2.737709E1 -1.232030E1
2.741039E1 -1.124712E1
2.744370E1 -9.905955E0
2.747700E1 -8.606116E0
2.751031E1 -7.049917E0
2.754361E1 -5.329514E0
2.757692E1 -3.561833E0
2.761022E1 -1.673864E0
2.764352E1 3.718714E-1
2.767683E1 2.372928E0
2.771013E1 4.239818E0
2.774344E1 5.804803E0
2.777674E1 7.404619E0
2.781006E1 8.778732E0
2.784336E1 1.001608E1
2.787667E1 1.097930E1
2.790997E1 1.176366E1
2.794328E1 1.236392E1
2.797658E1 1.269107E1
2.800989E1 1.276118E1
2.804319E1 1.265739E1
2.807650E1 1.226466E1
2.810980E1 1.162992E1
2.814311E1 1.078381E1
2.817641E1 9.706149E0
2.820972E1 8.515972E0
2.824302E1 7.118467E0
2.827633E1 5.583413E0
2.830963E1 3.995192E0
2.834294E1 2.289392E0
2.837624E1 5.214667E-1
2.840956E1 -1.300618E0
2.844286E1 -3.058545E0
2.847617E1 -4.830295E0
2.850947E1 -6.499665E0
2.854278E1 -8.041598E0
2.857608E1 -9.492529E0
2.860939E1 -1.062314E1
2.864269E1 -1.183415E1
2.867600E1 -1.276119E1
2.870930E1 -1.339277E1
2.874261E1 -1.378131E1
2.877591E1 -1.407981E1
2.880922E1 -1.407738E1
2.884252E1 -1.380401E1
2.887583E1 -1.349800E1
2.890913E1 -1.273429E1
2.894244E1 -1.173105E1
2.897574E1 -1.052685E1
2.900906E1 -9.255780E0
2.904236E1 -7.609616E0
2.907567E1 -5.977871E0
2.910897E1 -4.245150E0
2.914228E1 -2.535423E0
2.917558E1 -8.457486E-1
2.920889E1 1.316736E0
2.924219E1 3.085914E0
2.927550E1 4.855701E0
2.930880E1 6.334765E0
2.934211E1 7.736974E0
2.937541E1 9.125147E0
2.940872E1 1.026994E1
2.944202E1 1.134059E1
2.947532E1 1.209837E1
2.950863E1 1.253588E1
2.954193E1 1.280237E1
2.957524E1 1.280603E1
2.960854E1 1.255301E1
2.964186E1 1.199493E1
2.967516E1 1.123097E1
2.970847E1 1.030335E1
2.974177E1 9.160622E0
2.977508E1 8.006153E0
2.980838E1 6.712759E0
2.984169E1 4.932529E0
2.987499E1 3.284925E0
2.990830E1 1.564292E0
2.994160E1 -3.700440E-1
2.997491E1 -1.853769E0
3.000821E1 -3.498289E0
3.004152E1 -5.160581E0
3.007482E1 -6.683564E0
3.010813E1 -8.256704E0
3.014143E1 -9.554494E0
3.017474E1 -1.074880E1
3.020804E1 -1.179256E1
3.024136E1 -1.266385E1
3.027466E1 -1.332015E1
3.030797E1 -1.374248E1
3.034127E1 -1.400271E1
3.037458E1 -1.392067E1
3.040788E1 -1.359555E1
3.044119E1 -1.298644E1
3.047449E1 -1.219764E1
3.050780E1 -1.116600E1
3.054110E1 -9.960183E0
3.057441E1 -8.596107E0
3.060771E1 -7.096565E0
3.064102E1 -5.483434E0
3.067432E1 -3.781118E0
3.070763E1 -2.006629E0
3.074093E1 -2.848257E-1
3.077424E1 1.689291E0
3.080754E1 3.410786E0
3.084086E1 5.038203E0
3.087416E1 6.562784E0
3.090747E1 7.993565E0
3.094077E1 9.210620E0
3.097408E1 1.025557E1
3.100738E1 1.109847E1
3.104069E1 1.168212E1
3.107399E1 1.202769E1
3.110730E1 1.215194E1
3.114060E1 1.208416E1
3.117391E1 1.174560E1
3.120721E1 1.121090E1
3.124052E1 1.043882E1
3.127382E1 9.512690E0
3.130712E1 8.418728E0
3.134043E1 7.060882E0
3.137373E1 5.673171E0
3.140704E1 4.101820E0
3.144034E1 2.426833E0
3.147366E1 8.174008E-1
3.150696E1 -1.141781E0
3.154027E1 -2.718729E0
3.157357E1 -4.330656E0
3.160688E1 -6.020350E0
3.164018E1 -7.547090E0
3.167349E1 -8.934637E0
3.170679E1 -1.021279E1
3.174010E1 -1.130250E1
3.177340E1 -1.222126E1
3.180671E1 -1.294045E1
3.184001E1 -1.346779E1
3.187332E1 -1.375692E1
3.190662E1 -1.380336E1
3.193993E1 -1.361868E1
3.197323E1 -1.321692E1
3.200654E1 -1.255952E1
3.203984E1 -1.167749E1
3.207316E1 -1.060630E1
3.210646E1 -9.345274E0
3.213977E1 -7.908300E0
3.217307E1 -6.376710E0
3.220638E1 -4.748066E0
3.223968E1 -2.998564E0
3.227299E1 -1.363473E0
3.230629E1 4.150265E-1
3.233960E1 2.259088E0
3.237290E1 3.954368E0
3.240621E1 5.521940E0
3.243951E1 7.012333E0
3.247282E1 8.342646E0
3.250612E1 9.487935E0
3.253943E1 1.040316E1
3.257273E1 1.115165E1
3.260604E1 1.166617E1
3.263934E1 1.195057E1
3.267266E1 1.198093E1
3.270596E1 1.182453E1
3.273927E1 1.142910E1
3.277257E1 1.082536E1
3.280588E1 1.005499E1
3.283918E1 9.060302E0
3.287249E1 7.931314E0
3.290579E1 6.608401E0
3.293910E1 5.167422E0
3.297240E1 3.522470E0
3.300571E1 1.963676E0
3.303901E1 4.563113E-1
3.307232E1 -1.310687E0
3.310562E1 -3.006263E0
3.313892E1 -4.658073E0
3.317223E1 -6.273134E0
3.320553E1 -7.710090E0
3.323884E1 -9.138818E0
3.327214E1 -1.038304E1
3.330546E1 -1.140744E1
3.333876E1 -1.225633E1
3.337207E1 -1.289110E1
3.340537E1 -1.331854E1
3.343868E1 -1.352773E1
3.347198E1 -1.345621E1
3.350529E1 -1.314620E1
3.353859E1 -1.258594E1
3.357190E1 -1.184640E1
3.360520E1 -1.093760E1
3.363851E1 -9.775061E0
3.367181E1 -8.476430E0
3.370512E1 -6.910151E0
3.373842E1 -5.438236E0
3.377173E1 -3.760087E0
3.380503E1 -2.111547E0
3.383834E1 7.642990E-1
3.387164E1 2.516156E0
3.390496E1 4.304948E0
3.393826E1 5.959503E0
3.397157E1 7.476752E0
3.400487E1 8.839317E0
3.403818E1 1.015014E1
3.407148E1 1.123605E1
3.410479E1 1.216296E1
3.413809E1 1.273621E1
3.417140E1 1.316993E1
3.420470E1 1.346808E1
3.423801E1 1.336777E1
3.427131E1 1.302952E1
3.430462E1 1.256425E1
3.433792E1 1.178639E1
3.437123E1 1.080401E1
3.440453E1 9.682210E0
3.443784E1 8.467908E0
3.447114E1 6.992075E0
3.450446E1 5.480565E0
3.453776E1 3.867780E0
3.457107E1 2.209492E0
3.460437E1 4.509798E-1
3.463768E1 -1.209356E0
3.467098E1 -2.788499E0
3.470429E1 -4.376610E0
3.473759E1 -5.857521E0
3.477090E1 -7.195786E0
3.480420E1 -8.339381E0
3.483751E1 -9.279749E0
3.487081E1 -1.016400E1
3.490412E1 -1.087653E1
3.493742E1 -1.139034E1
3.497072E1 -1.159044E1
3.500403E1 -1.173537E1
3.503733E1 -1.155726E1
3.507064E1 -1.114747E1
3.510394E1 -1.070017E1
3.513726E1 -9.955540E0
3.517056E1 -8.868343E0
3.520387E1 -7.741276E0
3.523717E1 -6.514206E0
3.527048E1 -5.002072E0
3.530378E1 -3.476389E0
3.533709E1 -1.724489E0
3.537039E1 -7.670708E-2
3.540370E1 1.668118E0
3.543700E1 3.415327E0
3.547031E1 5.105524E0
3.550361E1 6.680431E0
3.553692E1 8.112926E0
3.557022E1 9.480065E0
3.560353E1 1.062101E1
3.563683E1 1.164125E1
3.567014E1 1.226139E1
3.570344E1 1.277776E1
3.573676E1 1.311337E1
3.577006E1 1.320637E1
3.580337E1 1.309425E1
3.583667E1 1.276958E1
3.586998E1 1.217256E1
3.590328E1 1.127938E1
3.593659E1 1.029948E1
3.596989E1 9.052766E0
3.600320E1 7.726241E0
3.603650E1 6.263565E0
3.606981E1 4.697753E0
3.610311E1 2.975707E0
3.613642E1 1.465228E0
3.616972E1 -1.467713E-1
3.620303E1 -1.846227E0
3.623633E1 -3.413013E0
3.626964E1 -4.871438E0
3.630294E1 -6.255131E0
3.633626E1 -7.591224E0
3.636956E1 -8.671103E0
3.640287E1 -1.000716E1
3.643617E1 -1.090746E1
3.646948E1 -1.161459E1
3.650278E1 -1.193935E1
3.653609E1 -1.210741E1
3.656939E1 -1.209296E1
3.660270E1 -1.172059E1
3.663600E1 -1.133193E1
3.666931E1 -1.079986E1
3.670261E1 -9.951284E0
3.673592E1 -8.718558E0
3.676922E1 -7.475586E0
3.680252E1 -6.162832E0
3.683583E1 -4.638076E0
3.686913E1 -3.144405E0
3.690244E1 -1.567083E0
3.693574E1 1.695080E-1
3.696906E1 1.923801E0
3.700236E1 3.575567E0
3.703567E1 5.136182E0
3.706897E1 6.488811E0
3.710228E1 8.007469E0
3.713558E1 8.993158E0
3.716889E1 1.024456E1
3.720219E1 1.095995E1
3.723550E1 1.135085E1
3.726880E1 1.181375E1
3.730211E1 1.192910E1
3.733541E1 1.191456E1
3.736872E1 1.168003E1
3.740202E1 1.127792E1
3.743533E1 1.065253E1
3.746863E1 9.852757E0
3.750194E1 8.968050E0
3.753524E1 7.938282E0
3.756856E1 6.555469E0
3.760186E1 5.177978E0
3.763517E1 3.572931E0
3.766847E1 2.097196E0
3.770178E1 4.690864E-1
3.773508E1 -1.160114E0
3.776839E1 -2.744653E0
3.780169E1 -4.282424E0
3.783500E1 -5.668580E0
3.786830E1 -6.948499E0
3.790161E1 -8.125662E0
3.793491E1 -9.170785E0
3.796822E1 -9.981679E0
3.800152E1 -1.063046E1
3.803483E1 -1.112808E1
3.806813E1 -1.140290E1
3.810144E1 -1.148646E1
3.813474E1 -1.142011E1
3.816806E1 -1.098637E1
3.820136E1 -1.050187E1
3.823467E1 -9.927079E0
3.826797E1 -9.044835E0
3.830128E1 -7.893026E0
3.833458E1 -6.632493E0
3.836789E1 -5.309006E0
3.840119E1 -3.837617E0
3.843450E1 -2.126342E0
3.846780E1 -4.860389E-1
3.850111E1 9.944902E-1
3.853441E1 2.630474E0
3.856772E1 4.235334E0
3.860102E1 5.709763E0
3.863432E1 7.243588E0
3.866763E1 8.527111E0
3.870093E1 9.597978E0
3.873424E1 1.070318E1
3.876754E1 1.147631E1
3.880086E1 1.208544E1
3.883416E1 1.246946E1
3.886747E1 1.251816E1
3.890077E1 1.233221E1
3.893408E1 1.211480E1
3.896738E1 1.148262E1
3.900069E1 1.063432E1
3.903399E1 9.614413E0
3.906730E1 8.475537E0
3.910060E1 7.207819E0
3.913391E1 5.791793E0
3.916721E1 4.320557E0
3.920052E1 2.857103E0
3.923382E1 1.269418E0
3.926713E1 -3.016887E-1
3.930043E1 -1.800217E0
3.933374E1 -3.347232E0
3.936704E1 -4.794461E0
3.940036E1 -6.177600E0
3.943366E1 -7.367486E0
3.946697E1 -8.537403E0
3.950027E1 -9.463100E0
3.953358E1 -1.048031E1
3.956688E1 -1.094444E1
3.960019E1 -1.149570E1
3.963349E1 -1.160833E1
3.966680E1 -1.160929E1
3.970010E1 -1.130307E1
3.973341E1 -1.091596E1
3.976671E1 -1.027071E1
3.980002E1 -9.523942E0
3.983332E1 -8.495021E0
3.986663E1 -7.394781E0
3.989993E1 -6.102155E0
3.993324E1 -4.690233E0
3.996654E1 -3.196453E0
3.999986E1 -1.600019E0
4.003316E1 1.568082E-1
4.006647E1 1.742346E0
4.009977E1 3.408003E0
4.013308E1 4.956146E0
4.016638E1 6.373782E0
4.019969E1 7.729628E0
4.023299E1 8.941415E0
4.026630E1 9.997573E0
4.029960E1 1.095214E1
4.033291E1 1.164027E1
4.036621E1 1.216154E1
4.039952E1 1.235249E1
4.043282E1 1.237028E1
4.046612E1 1.207362E1
4.049943E1 1.159710E1
4.053273E1 1.091229E1
4.056604E1 1.018278E1
4.059934E1 9.112650E0
4.063266E1 7.963806E0
4.066596E1 6.638165E0
4.069927E1 5.231472E0
4.073257E1 3.720723E0
4.076588E1 2.183582E0
4.079918E1 6.666451E-1
4.083249E1 -7.941014E-1
4.086579E1 -2.369759E0
4.089910E1 -3.884729E0
4.093240E1 -5.162288E0
4.096571E1 -6.490595E0
4.099901E1 -7.767134E0
4.103232E1 -8.700138E0
4.106562E1 -9.532871E0
4.109893E1 -1.017005E1
4.113223E1 -1.062412E1
4.116554E1 -1.086161E1
4.119884E1 -1.095150E1
4.123216E1 -1.085363E1
4.126546E1 -1.074026E1
4.129877E1 -1.017903E1
4.133207E1 -9.602440E0
4.136538E1 -8.776500E0
4.139868E1 -7.757864E0
4.143199E1 -6.691800E0
4.146529E1 -5.348875E0
4.149860E1 -3.946497E0
4.153190E1 -2.441531E0
4.156521E1 -9.015485E-1
4.159851E1 7.289300E-1
4.163182E1 2.327709E0
4.166512E1 3.921709E0
4.169843E1 5.402624E0
4.173173E1 6.764140E0
4.176504E1 7.717510E0
4.179834E1 8.795896E0
4.183166E1 9.703115E0
4.186496E1 1.038864E1
4.189827E1 1.088088E1
4.193157E1 1.127191E1
4.196488E1 1.137597E1
4.199818E1 1.127258E1
4.203149E1 1.103129E1
4.206479E1 1.048687E1
4.209810E1 9.888795E0
4.213140E1 9.091568E0
4.216471E1 8.159923E0
4.219801E1 7.010430E0
4.223132E1 5.725986E0
4.226462E1 4.411968E0
4.229792E1 3.022840E0
4.233123E1 1.490396E0
4.236453E1 -8.740430E-3
4.239784E1 -1.570500E0
4.243114E1 -3.061836E0
4.246446E1 -4.488692E0
4.249776E1 -5.950122E0
4.253107E1 -7.100892E0
4.256437E1 -8.275351E0
4.259768E1 -9.282690E0
4.263098E1 -1.007599E1
4.266429E1 -1.079751E1
4.269759E1 -1.111351E1
4.273090E1 -1.139695E1
4.276420E1 -1.140015E1
4.279751E1 -1.125645E1
4.283081E1 -1.086719E1
4.286412E1 -1.019520E1
4.289742E1 -9.283203E0
4.293073E1 -8.435307E0
4.296403E1 -7.336936E0
4.299734E1 -6.100738E0
4.303064E1 -4.683692E0
4.306396E1 -3.235595E0
4.309726E1 -1.789003E0
4.313057E1 -2.761258E-1
4.316387E1 1.270902E0
4.319718E1 2.800345E0
4.323048E1 4.263809E0
4.326379E1 5.612327E0
4.329709E1 6.863626E0
4.333040E1 7.949074E0
4.336370E1 8.913474E0
4.339701E1 9.642980E0
4.343031E1 1.029651E1
4.346362E1 1.117546E1
4.349692E1 1.143350E1
4.353023E1 1.145305E1
4.356353E1 1.130641E1
4.359684E1 1.096230E1
4.363014E1 1.025979E1
4.366346E1 9.424739E0
4.369676E1 8.695274E0
4.373007E1 7.573178E0
4.376337E1 6.426939E0
4.379668E1 5.079865E0
4.382998E1 3.726835E0
4.386329E1 2.186008E0
4.389659E1 6.629600E-1
4.392990E1 -6.521199E-1
4.396320E1 -2.147645E0
4.399651E1 -3.534004E0
4.402981E1 -4.954055E0
4.406312E1 -6.126896E0
4.409642E1 -7.386310E0
4.412972E1 -8.247414E0
4.416303E1 -9.099180E0
4.419633E1 -9.758558E0
4.422964E1 -1.024244E1
4.426294E1 -1.050868E1
4.429626E1 -1.055267E1
4.432956E1 -1.057534E1
4.436287E1 -1.035717E1
4.439617E1 -9.895677E0
4.442948E1 -9.193752E0
4.446278E1 -8.511470E0
4.449609E1 -7.615856E0
4.452939E1 -6.547264E0
4.456270E1 -5.290610E0
4.459600E1 -3.956870E0
4.462931E1 -2.393236E0
4.466261E1 -8.398422E-1
4.469592E1 6.418661E-1
4.472922E1 2.115330E0
4.476253E1 3.684481E0
4.479583E1 5.007691E0
4.482914E1 6.320106E0
4.486244E1 7.756634E0
4.489576E1 8.744854E0
4.492906E1 9.377225E0
4.496237E1 1.010508E1
4.499567E1 1.056969E1
4.502898E1 1.092785E1
4.506228E1 1.104242E1
4.509559E1 1.101540E1
4.512889E1 1.078388E1
4.516220E1 1.043282E1
4.519550E1 9.758099E0
4.522881E1 8.883485E0
4.526211E1 7.985738E0
4.529542E1 6.918696E0
4.532872E1 5.790122E0
4.536203E1 4.442225E0
4.539533E1 3.011313E0
4.542864E1 1.549763E0
4.546194E1 9.305095E-2
4.549526E1 -1.326383E0
4.552856E1 -2.773479E0
4.556187E1 -4.094217E0
4.559517E1 -5.434714E0
4.562848E1 -6.636447E0
4.566178E1 -7.646873E0
4.569509E1 -8.519302E0
4.572839E1 -9.192673E0
4.576170E1 -9.761637E0
4.579500E1 -1.013574E1
4.582831E1 -1.037400E1
4.586161E1 -1.042693E1
4.589492E1 -1.028128E1
4.592822E1 -1.006384E1
4.596152E1 -9.617514E0
4.599483E1 -8.970110E0
4.602813E1 -8.072270E0
4.606144E1 -7.093724E0
4.609474E1 -5.831602E0
4.612806E1 -4.485232E0
4.616136E1 -3.165032E0
4.619467E1 -1.646588E0
4.622797E1 -1.774259E-1
4.626128E1 1.291945E0
4.629458E1 2.801511E0
4.632789E1 4.170246E0
4.636119E1 5.715936E0
4.639450E1 6.715795E0
4.642780E1 7.968822E0
4.646111E1 8.954311E0
4.649441E1 9.850489E0
4.652772E1 1.048573E1
4.656102E1 1.085336E1
4.659433E1 1.100778E1
4.662763E1 1.101085E1
4.666094E1 1.080418E1
4.669424E1 1.073849E1
4.672756E1 1.012788E1
4.676086E1 9.331222E0
4.679417E1 8.577935E0
4.682747E1 7.438200E0
4.686078E1 6.244054E0
4.689408E1 4.977781E0
4.692739E1 3.637898E0
4.696069E1 2.178948E0
4.699400E1 7.673169E-1
4.702730E1 -6.525554E-1
4.706061E1 -2.069896E0
4.709391E1 -3.447367E0
4.712722E1 -4.706636E0
4.716052E1 -6.049605E0
4.719383E1 -7.295162E0
4.722713E1 -8.266665E0
4.726044E1 -9.133438E0
4.729374E1 -9.843328E0
4.732706E1 -1.022852E1
4.736036E1 -1.053614E1
4.739367E1 -1.061927E1
4.742697E1 -1.061783E1
4.746028E1 -1.027499E1
4.749358E1 -9.695083E0
4.752689E1 -9.107722E0
4.756019E1 -8.408936E0
4.759350E1 -7.468621E0
4.762680E1 -6.327485E0
4.766011E1 -5.178112E0
4.769341E1 -3.889071E0
4.772672E1 -2.509073E0
4.776002E1 -1.097789E0
4.779332E1 2.995691E-1
4.782663E1 1.819088E0
4.785993E1 3.431625E0
4.789324E1 4.733000E0
4.792654E1 6.082690E0
4.795986E1 7.175394E0
4.799316E1 8.093547E0
4.802647E1 8.994650E0
4.805977E1 9.608706E0
4.809308E1 1.023356E1
4.812638E1 1.059144E1
4.815969E1 1.071785E1
4.819299E1 1.071839E1
4.822630E1 1.047401E1
4.825960E1 9.946490E0
4.829291E1 9.333932E0
4.832621E1 8.692949E0
4.835952E1 7.796380E0
4.839282E1 6.699492E0
4.842613E1 5.465809E0
4.845943E1 4.149364E0
4.849274E1 2.891549E0
4.852604E1 1.580848E0
4.855936E1 1.035179E-1
4.859266E1 -1.177491E0
4.862597E1 -2.581109E0
4.865927E1 -3.887056E0
4.869258E1 -5.327821E0
4.872588E1 -6.494605E0
4.875919E1 -7.615714E0
4.879249E1 -8.552140E0
4.882580E1 -9.286303E0
4.885910E1 -9.934229E0
4.889241E1 -1.028372E1
4.892571E1 -1.053267E1
4.895902E1 -1.054389E1
4.899232E1 -1.035638E1
4.902563E1 -1.000841E1
4.905893E1 -9.512475E0
4.909224E1 -8.782334E0
4.912554E1 -7.885261E0
4.915886E1 -6.923369E0
4.919216E1 -5.728274E0
4.922547E1 -4.522358E0
4.925877E1 -3.208204E0
4.929208E1 -1.820739E0
4.932538E1 -2.199501E-1
4.935869E1 1.110172E0
4.939199E1 2.595356E0
4.942530E1 3.983793E0
4.945860E1 5.270209E0
4.949191E1 6.527311E0
4.952521E1 7.759796E0
4.955852E1 8.800067E0
4.959182E1 9.561014E0
4.962512E1 1.031651E1
4.965843E1 1.069196E1
4.969173E1 1.104040E1
4.972504E1 1.108225E1
4.975834E1 1.109922E1
4.979166E1 1.050910E1
4.982496E1 1.016195E1
4.985827E1 9.437331E0
4.989157E1 8.490970E0
4.992488E1 7.407013E0
4.995818E1 6.238202E0
4.999149E1 4.915816E0
5.002479E1 3.566435E0
5.005810E1 2.163996E0
5.009140E1 7.951343E-1
5.012471E1 -5.385041E-1
5.015801E1 -1.959759E0
5.019132E1 -3.296100E0
5.022462E1 -4.589636E0
5.025793E1 -5.621351E0
5.029123E1 -6.685118E0
5.032454E1 -7.779814E0
5.035784E1 -8.725827E0
5.039116E1 -9.280331E0
5.042446E1 -9.704759E0
5.045777E1 -1.018841E1
5.049107E1 -1.023940E1
5.052438E1 -1.022490E1
5.055768E1 -9.926059E0
5.059099E1 -9.424236E0
5.062429E1 -8.788439E0
5.065760E1 -8.412133E0
5.069090E1 -7.337500E0
5.072421E1 -6.238611E0
5.075751E1 -5.183420E0
5.079082E1 -3.871486E0
5.082412E1 -2.447456E0
5.085743E1 -1.148878E0
5.089073E1 1.976294E-1
5.092404E1 1.606992E0
5.095734E1 3.232233E0
5.099066E1 4.529506E0
5.102396E1 5.816578E0
5.105727E1 6.909451E0
5.109057E1 8.090780E0
5.112388E1 9.047374E0
5.115718E1 9.572323E0
5.119049E1 1.000818E1
5.122379E1 1.036722E1
5.125710E1 1.083204E1
5.129040E1 1.083056E1
5.132371E1 1.057375E1
5.135701E1 9.971431E0
5.139032E1 9.342401E0
5.142362E1 8.509642E0
5.145692E1 7.524208E0
5.149023E1 6.481509E0
5.152353E1 5.448930E0
5.155684E1 4.133623E0
5.159014E1 2.940629E0
5.162346E1 1.540704E0
5.165676E1 1.682028E-1
5.169007E1 -1.151997E0
5.172337E1 -2.548475E0
5.175668E1 -3.813995E0
5.178998E1 -5.006742E0
5.182329E1 -6.154841E0
5.185659E1 -7.099934E0
5.188990E1 -8.070195E0
5.192320E1 -8.711907E0
5.195651E1 -9.324583E0
5.198981E1 -9.872581E0
5.202312E1 -1.019042E1
5.205642E1 -1.033662E1
5.208973E1 -1.013771E1
5.212303E1 -9.848048E0
5.215634E1 -9.320930E0
5.218964E1 -8.530247E0
5.222296E1 -7.695455E0
5.225626E1 -6.733792E0
5.228957E1 -5.619711E0
5.232287E1 -4.387285E0
5.235618E1 -3.151035E0
5.238948E1 -1.671076E0
5.242279E1 -3.601885E-1
5.245609E1 1.002371E0
5.248940E1 2.362673E0
5.252270E1 3.863353E0
5.255601E1 5.109092E0
5.258931E1 6.356459E0
5.262262E1 7.474890E0
5.265592E1 8.501506E0
5.268923E1 9.168663E0
5.272253E1 9.831157E0
5.275584E1 1.017802E1
5.278914E1 1.054741E1
5.282246E1 1.050273E1
5.285576E1 1.041061E1
5.288907E1 1.010828E1
5.292237E1 9.609487E0
5.295568E1 9.038805E0
5.298898E1 8.134451E0
5.302229E1 7.129593E0
5.305559E1 6.056481E0
5.308890E1 4.961821E0
5.312220E1 3.706890E0
5.315551E1 2.361984E0
5.318881E1 1.020636E0
5.322212E1 -4.676917E-1
5.325542E1 -1.823910E0
5.328872E1 -3.105408E0
5.332203E1 -4.292870E0
5.335533E1 -5.504833E0
5.338864E1 -6.586939E0
5.342194E1 -7.277848E0
5.345526E1 -8.161209E0
5.348856E1 -8.920056E0
5.352187E1 -9.435748E0
5.355517E1 -9.694178E0
5.358848E1 -9.793525E0
5.362178E1 -9.789335E0
5.365509E1 -9.592331E0
5.368839E1 -9.234612E0
5.372170E1 -8.611835E0
5.375500E1 -7.963526E0
5.378831E1 -7.067171E0
5.382161E1 -6.062168E0
5.385492E1 -4.920793E0
5.388822E1 -3.701032E0
5.392153E1 -2.458406E0
5.395483E1 -1.112190E0
5.398814E1 2.521979E-1
5.402144E1 1.712077E0
5.405476E1 3.049799E0
5.408806E1 4.395695E0
5.412137E1 5.492503E0
5.415467E1 6.753730E0
5.418798E1 7.619217E0
5.422128E1 8.393897E0
5.425459E1 8.858082E0
5.428789E1 9.519208E0
5.432120E1 9.857926E0
5.435450E1 9.979722E0
5.438781E1 9.979069E0
5.442111E1 9.719291E0
5.445442E1 9.352945E0
5.448772E1 8.897032E0
5.452103E1 8.368573E0
5.455433E1 7.535508E0
5.458764E1 6.475383E0
5.462094E1 5.304631E0
5.465426E1 4.114148E0
5.468756E1 2.775724E0
5.472087E1 1.459907E0
5.475417E1 1.358191E-1
5.478748E1 -1.155176E0
5.482078E1 -2.512096E0
5.485409E1 -3.806078E0
5.488739E1 -4.882533E0
5.492070E1 -6.023084E0
5.495400E1 -6.944343E0
5.498731E1 -7.861708E0
5.502061E1 -8.559151E0
5.505392E1 -9.200523E0
5.508722E1 -9.507850E0
5.512052E1 -9.811432E0
5.515383E1 -9.851223E0
5.518713E1 -9.681740E0
5.522044E1 -9.393893E0
5.525374E1 -8.760089E0
5.528706E1 -8.228033E0
5.532036E1 -7.371209E0
5.535367E1 -6.527439E0
5.538697E1 -5.369708E0
5.542028E1 -4.347658E0
5.545358E1 -3.122730E0
5.548689E1 -1.839991E0
5.552019E1 -4.074201E-1
5.555350E1 9.416618E-1
5.558680E1 2.287535E0
5.562011E1 3.548509E0
5.565341E1 4.819122E0
5.568672E1 5.983852E0
5.572002E1 7.202574E0
5.575333E1 8.169019E0
5.578663E1 8.772624E0
5.581994E1 9.249452E0
5.585324E1 9.579353E0
5.588656E1 9.922353E0
5.591986E1 9.971849E0
5.595317E1 1.007179E1
5.598647E1 9.532541E0
5.601978E1 9.280233E0
5.605308E1 8.724476E0
5.608639E1 7.910024E0
5.611969E1 6.966290E0
5.615300E1 5.990511E0
5.618630E1 4.810832E0
5.621961E1 3.458976E0
5.625291E1 2.235399E0
5.628622E1 1.109465E0
5.631952E1 -3.696598E-1
5.635283E1 -1.535492E0
5.638613E1 -2.798074E0
5.641944E1 -4.108398E0
5.645274E1 -5.323534E0
5.648606E1 -6.359604E0
5.651936E1 -7.352126E0
5.655267E1 -8.081541E0
5.658597E1 -8.640275E0
5.661928E1 -9.021023E0
5.665258E1 -9.483326E0
5.668589E1 -9.458695E0
5.671919E1 -9.452587E0
5.675250E1 -9.285706E0
5.678580E1 -8.881199E0
5.681911E1 -8.390743E0
5.685241E1 -7.644781E0
5.688572E1 -6.764307E0
5.691902E1 -5.868724E0
5.695232E1 -4.734708E0
5.698563E1 -3.721788E0
5.701893E1 -2.476023E0
5.705224E1 -1.239012E0
5.708554E1 7.421407E-2
5.711886E1 1.609045E0
5.715216E1 2.757098E0
5.718547E1 4.042611E0
5.721877E1 5.246219E0
5.725208E1 6.328148E0
5.728538E1 7.238739E0
5.731869E1 7.865937E0
5.735199E1 8.487607E0
5.738530E1 8.918324E0
5.741860E1 9.262131E0
5.745191E1 9.463659E0
5.748521E1 9.487358E0
5.751852E1 9.302992E0
5.755182E1 9.072607E0
5.758513E1 8.582633E0
5.761843E1 7.947615E0
5.765174E1 7.143432E0
5.768504E1 6.131320E0
5.771836E1 5.235354E0
5.775166E1 4.104650E0
5.778497E1 2.930237E0
5.781827E1 1.611772E0
5.785158E1 3.680329E-1
5.788488E1 -8.236927E-1
5.791819E1 -2.151934E0
5.795149E1 -3.422170E0
5.798480E1 -4.543138E0
5.801810E1 -5.602983E0
5.805141E1 -6.506698E0
5.808471E1 -7.295470E0
5.811802E1 -8.036705E0
5.815132E1 -8.826965E0
5.818463E1 -9.091920E0
5.821793E1 -9.344607E0
5.825124E1 -9.362474E0
5.828454E1 -9.219292E0
5.831786E1 -9.092437E0
5.835116E1 -8.894482E0
5.838447E1 -8.250412E0
5.841777E1 -7.384716E0
5.845108E1 -6.390809E0
5.848438E1 -5.332445E0
5.851769E1 -4.279320E0
5.855099E1 -2.980471E0
5.858430E1 -1.691778E0
5.861760E1 -3.930368E-1
5.865091E1 9.670161E-1
5.868421E1 2.148082E0
5.871752E1 3.549793E0
5.875082E1 4.813439E0
5.878412E1 5.875112E0
5.881743E1 6.994080E0
5.885073E1 7.865103E0
5.888404E1 8.655112E0
5.891734E1 9.422125E0
5.895066E1 9.648375E0
5.898396E1 9.998043E0
5.901727E1 9.951799E0
5.905057E1 1.000534E1
5.908388E1 9.676514E0
5.911718E1 9.225741E0
5.915049E1 8.592600E0
5.918379E1 7.646454E0
5.921710E1 6.759666E0
5.925040E1 5.638131E0
5.928371E1 4.545915E0
5.931701E1 3.415162E0
5.935032E1 2.188677E0
5.938362E1 8.838937E-1
5.941693E1 -3.962894E-1
5.945023E1 -1.545623E0
5.948354E1 -2.805429E0
5.951684E1 -3.950498E0
5.955016E1 -5.080707E0
5.958346E1 -6.083199E0
5.961677E1 -7.071543E0
5.965007E1 -7.712096E0
5.968338E1 -8.410237E0
5.971668E1 -8.759894E0
5.974999E1 -9.163055E0
5.978329E1 -9.308844E0
5.981660E1 -9.308148E0
5.984990E1 -9.044849E0
5.988321E1 -8.693481E0
5.991651E1 -8.069564E0
5.994982E1 -7.543422E0
5.998312E1 -6.858678E0
6.001643E1 -5.832311E0
6.004973E1 -4.781529E0
6.008304E1 -3.609222E0
6.011634E1 -2.459796E0
6.014966E1 -1.136384E0
6.018296E1 1.434375E-1
6.021627E1 1.334268E0
6.024957E1 2.668471E0
6.028288E1 3.793757E0
6.031618E1 4.875178E0
6.034949E1 6.136829E0
6.038279E1 7.026602E0
6.041610E1 7.599486E0
6.044940E1 8.652342E0
6.048271E1 9.180812E0
6.051601E1 9.649219E0
6.054932E1 9.527977E0
6.058262E1 9.528625E0
6.061592E1 9.310362E0
6.064923E1 8.843454E0
6.068253E1 8.434454E0
6.071584E1 7.798075E0
6.074914E1 6.929440E0
6.078246E1 6.118180E0
6.081576E1 5.124226E0
6.084907E1 4.013567E0
6.088237E1 2.924114E0
6.091568E1 1.674236E0
6.094898E1 4.182254E-1
6.098229E1 -8.476313E-1
6.101559E1 -2.066673E0
6.104890E1 -3.253816E0
6.108220E1 -4.396304E0
6.111551E1 -5.534006E0
6.114881E1 -6.368418E0
6.118212E1 -7.238810E0
6.121542E1 -8.030308E0
6.124873E1 -8.585059E0
6.128203E1 -8.942730E0
6.131534E1 -9.074201E0
6.134864E1 -9.085918E0
6.138196E1 -9.143670E0
6.141526E1 -8.910793E0
6.144857E1 -8.519590E0
6.148187E1 -7.813092E0
6.151518E1 -7.093439E0
6.154848E1 -6.163096E0
6.158179E1 -5.397750E0
6.161509E1 -4.215449E0
6.164840E1 -3.034271E0
6.168170E1 -1.758491E0
6.171501E1 -4.119613E-1
6.174831E1 8.872601E-1
6.178162E1 1.951652E0
6.181492E1 3.113062E0
6.184823E1 4.187424E0
6.188153E1 5.306045E0
6.191484E1 6.284069E0
6.194814E1 7.135103E0
6.198146E1 7.970179E0
6.201476E1 8.643275E0
6.204807E1 8.951754E0
6.208137E1 9.162559E0
6.211468E1 9.283977E0
6.214798E1 9.225710E0
6.218129E1 8.928135E0
6.221459E1 8.439391E0
6.224790E1 7.854255E0
6.228120E1 7.102586E0
6.231451E1 6.412921E0
6.234781E1 5.536655E0
6.238112E1 4.519535E0
6.241442E1 3.393436E0
6.244772E1 2.198022E0
6.248103E1 9.563228E-1
6.251433E1 -2.467071E-1
6.254764E1 -1.441164E0
6.258094E1 -2.600720E0
6.261426E1 -3.643159E0
6.264756E1 -4.774128E0
6.268087E1 -5.818984E0
6.271417E1 -6.652358E0
6.274748E1 -7.332522E0
6.278078E1 -8.123763E0
6.281409E1 -8.501829E0
6.284739E1 -8.829240E0
6.288070E1 -8.949053E0
6.291400E1 -8.942505E0
6.294731E1 -8.760293E0
6.298061E1 -8.383620E0
6.301392E1 -7.868628E0
6.304722E1 -7.160616E0
6.308053E1 -6.584382E0
6.311383E1 -5.662463E0
6.314714E1 -4.785157E0
6.318044E1 -3.623699E0
6.321376E1 -2.472158E0
6.324706E1 -1.239702E0
6.328037E1 4.685131E-2
6.331367E1 1.205080E0
6.334698E1 2.444093E0
6.338028E1 3.670460E0
6.341359E1 4.636895E0
6.344689E1 5.687062E0
6.348020E1 6.936444E0
6.351350E1 7.553750E0
6.354681E1 8.353114E0
6.358011E1 8.882628E0
6.361342E1 9.219278E0
6.364672E1 9.420683E0
6.368003E1 9.420822E0
6.371333E1 9.245374E0
6.374664E1 8.651493E0
6.377994E1 8.322589E0
6.381326E1 7.685202E0
6.384656E1 6.872455E0
6.387987E1 5.955630E0
6.391317E1 4.951685E0
6.394648E1 3.953595E0
6.397978E1 2.587125E0
6.401309E1 1.398637E0
6.404639E1 1.918058E-1
6.407970E1 -8.941289E-1
6.411300E1 -2.044192E0
6.414631E1 -3.234747E0
6.417961E1 -4.476558E0
6.421292E1 -5.514181E0
6.424622E1 -6.407612E0
6.427952E1 -7.268376E0
6.431283E1 -8.044619E0
6.434613E1 -8.540658E0
6.437944E1 -8.924460E0
6.441274E1 -8.852534E0
6.444606E1 -9.095406E0
6.447936E1 -8.975549E0
6.451267E1 -8.704731E0
6.454597E1 -8.189824E0
6.457928E1 -7.594234E0
6.461258E1 -6.763258E0
6.464589E1 -6.086753E0
6.467919E1 -5.027178E0
6.471250E1 -4.109032E0
6.474580E1 -2.874538E0
6.477911E1 -1.709392E0
6.481241E1 -4.451466E-1
6.484572E1 7.962789E-1
6.487902E1 1.999165E0
6.491233E1 3.197823E0
6.494563E1 4.361092E0
6.497894E1 5.500417E0
6.501224E1 6.388920E0
6.504556E1 7.256112E0
6.507886E1 7.842915E0
6.511217E1 8.442186E0
6.514547E1 8.754006E0
6.517878E1 9.058636E0
6.521208E1 8.961952E0
6.524539E1 8.890461E0
6.527869E1 8.546892E0
6.531200E1 8.209029E0
6.534530E1 7.738558E0
6.537861E1 7.094745E0
6.541191E1 6.218090E0
6.544522E1 5.250595E0
6.547852E1 4.370218E0
6.551183E1 3.197602E0
6.554513E1 1.992249E0
6.557844E1 9.204071E-1
6.561174E1 -2.634184E-1
6.564506E1 -1.479647E0
6.567836E1 -2.600159E0
6.571167E1 -3.666592E0
6.574497E1 -4.710277E0
6.577828E1 -5.777401E0
6.581158E1 -6.607730E0
6.584489E1 -7.405524E0
6.587819E1 -7.950868E0
6.591150E1 -8.489183E0
6.594480E1 -8.762627E0
6.597811E1 -8.776969E0
6.601141E1 -8.787464E0
6.604472E1 -8.759358E0
6.607802E1 -8.370015E0
6.611132E1 -7.789766E0
6.614463E1 -7.138574E0
6.617793E1 -6.393343E0
6.621124E1 -5.557052E0
6.624454E1 -4.477578E0
6.627786E1 -3.351476E0
6.631116E1 -2.202327E0
6.634447E1 -1.049865E0
6.637777E1 1.090745E-1
6.641108E1 1.224025E0
6.644438E1 2.444672E0
6.647769E1 3.555062E0
6.651099E1 4.585305E0
6.654430E1 5.495415E0
6.657760E1 6.301579E0
6.661091E1 7.228248E0
6.664421E1 7.864262E0
6.667752E1 8.308502E0
6.671082E1 8.668828E0
6.674413E1 8.756885E0
6.677743E1 8.752249E0
6.681074E1 8.663267E0
6.684404E1 8.376822E0
6.687736E1 8.072285E0
6.691066E1 7.274250E0
6.694397E1 6.545445E0
6.697727E1 5.697903E0
6.701058E1 4.715563E0
6.704388E1 3.674866E0
6.707719E1 2.492450E0
6.711049E1 1.380084E0
6.714380E1 1.675431E-1
6.717710E1 -8.224415E-1
6.721041E1 -2.067184E0
6.724371E1 -3.179140E0
6.727702E1 -4.276114E0
6.731032E1 -5.189980E0
6.734363E1 -5.972765E0
6.737693E1 -6.668208E0
6.741024E1 -7.298725E0
6.744354E1 -7.714077E0
6.747686E1 -8.355095E0
6.751016E1 -8.589813E0
6.754347E1 -8.443331E0
6.757677E1 -8.503233E0
6.761008E1 -8.082523E0
6.764338E1 -7.755263E0
6.767669E1 -7.219772E0
6.770999E1 -6.573617E0
6.774330E1 -5.600956E0
6.777660E1 -4.789089E0
6.780991E1 -3.737070E0
6.784321E1 -2.657568E0
6.787652E1 -1.584762E0
6.790982E1 -4.198860E-1
6.794312E1 7.651934E-1
6.797643E1 2.084068E0
6.800973E1 3.232507E0
6.804304E1 4.322766E0
6.807634E1 5.383544E0
6.810966E1 6.190355E0
6.814296E1 7.210097E0
6.817627E1 7.719611E0
6.820957E1 8.318089E0
6.824288E1 8.585219E0
6.827618E1 8.940951E0
6.830949E1 8.911944E0
6.834279E1 8.820618E0
6.837610E1 8.600419E0
6.840940E1 8.256943E0
6.844271E1 7.744248E0
6.847601E1 6.965570E0
6.850932E1 6.044448E0
6.854262E1 5.175198E0
6.857593E1 4.169205E0
6.860923E1 3.156548E0
6.864254E1 2.064864E0
6.867584E1 9.712805E-1
6.870916E1 -3.110416E-1
6.874246E1 -1.433140E0
6.877577E1 -2.426690E0
6.880907E1 -3.723269E0
6.884238E1 -4.682252E0
6.887568E1 -5.602889E0
6.890899E1 -6.588902E0
6.894229E1 -7.248889E0
6.897560E1 -7.739505E0
6.900890E1 -8.173551E0
6.904221E1 -8.319048E0
6.907551E1 -8.519375E0
6.910882E1 -8.511407E0
6.914212E1 -8.347381E0
6.917543E1 -7.995749E0
6.920873E1 -7.505841E0
6.924204E1 -6.923118E0
6.927534E1 -6.266648E0
6.930866E1 -5.283330E0
6.934196E1 -4.442421E0
6.937527E1 -3.195154E0
6.940857E1 -2.158335E0
6.944188E1 -1.063305E0
6.947518E1 6.179186E-2
6.950849E1 1.318345E0
6.954179E1 2.447365E0
6.957510E1 3.607198E0
6.960840E1 4.645043E0
6.964171E1 5.661372E0
6.967501E1 6.609394E0
6.970832E1 7.461106E0
6.974162E1 8.111768E0
6.977492E1 8.611075E0
6.980823E1 8.853582E0
6.984153E1 8.951997E0
6.987484E1 8.958179E0
6.990814E1 8.773908E0
6.994146E1 8.557264E0
6.997476E1 8.063071E0
7.000807E1 7.243396E0
7.004137E1 6.642330E0
7.007468E1 5.711486E0
7.010798E1 4.602316E0
7.014129E1 3.602992E0
7.017459E1 2.415887E0
7.020790E1 1.356517E0
7.024120E1 1.992544E-1
7.027451E1 -9.338489E-1
7.030781E1 -2.172695E0
7.034112E1 -3.144433E0
7.037442E1 -4.041280E0
7.040773E1 -4.976797E0
7.044103E1 -5.996788E0
7.047434E1 -6.681610E0
7.050764E1 -7.187545E0
7.054096E1 -7.924280E0
7.057426E1 -8.096937E0
7.060757E1 -8.385332E0
7.064087E1 -8.403643E0
7.067418E1 -8.384786E0
7.070748E1 -8.004867E0
7.074079E1 -7.561232E0
7.077409E1 -7.057352E0
7.080740E1 -6.385830E0
7.084070E1 -5.731254E0
7.087401E1 -4.763862E0
7.090731E1 -3.827669E0
7.094062E1 -2.695722E0
7.097392E1 -1.501966E0
7.100723E1 -2.798948E-1
7.104053E1 8.129888E-1
7.107384E1 1.874588E0
7.110714E1 3.018307E0
7.114046E1 4.046006E0
7.117376E1 4.942858E0
7.120707E1 6.029097E0
7.124037E1 6.649817E0
7.127368E1 7.325512E0
7.130698E1 7.826527E0
7.134029E1 8.213909E0
7.137359E1 8.491995E0
7.140690E1 8.533783E0
7.144020E1 8.506146E0
7.147351E1 8.244021E0
7.150681E1 7.879047E0
7.154012E1 7.187141E0
7.157342E1 6.573916E0
7.160672E1 5.846698E0
7.164003E1 5.019105E0
7.167333E1 3.959793E0
7.170664E1 2.966625E0
7.173994E1 1.891892E0
7.177326E1 7.895194E-1
7.180656E1 -3.495361E-1
7.183987E1 -1.312665E0
7.187317E1 -2.468450E0
7.190648E1 -3.435591E0
7.193978E1 -4.421348E0
7.197309E1 -5.221498E0
7.200639E1 -6.027341E0
7.203970E1 -6.770871E0
7.207300E1 -7.260877E0
7.210631E1 -7.748057E0
7.213961E1 -7.951515E0
7.217292E1 -8.147471E0
7.220622E1 -8.150347E0
7.223953E1 -8.038603E0
7.227283E1 -7.840538E0
7.230614E1 -7.472403E0
7.233944E1 -6.821416E0
7.237276E1 -6.048086E0
7.240606E1 -5.321448E0
7.243937E1 -4.259621E0
7.247267E1 -3.252618E0
7.250598E1 -2.246812E0
7.253928E1 -7.973124E-1
7.257259E1 3.370514E-1
7.260589E1 1.363436E0
7.263920E1 2.568273E0
7.267250E1 3.699531E0
7.270581E1 4.681666E0
7.273911E1 5.652908E0
7.277242E1 6.462944E0
7.280572E1 6.999150E0
7.283903E1 7.441024E0
7.287233E1 7.911812E0
7.290564E1 8.145219E0
7.293894E1 8.209150E0
7.297226E1 8.227775E0
7.300556E1 8.066224E0
7.303887E1 7.836839E0
7.307217E1 7.341834E0
7.310548E1 6.722409E0
7.313878E1 6.034176E0
7.317209E1 5.214957E0
7.320539E1 4.454191E0
7.323870E1 3.405794E0
7.327200E1 2.390012E0
7.330531E1 1.320296E0
7.333861E1 2.306330E-1
7.337192E1 -7.147271E-1
7.340522E1 -1.868042E0
7.343852E1 -3.033604E0
7.347183E1 -4.085794E0
7.350513E1 -5.018467E0
7.353844E1 -5.978808E0
7.357174E1 -6.568829E0
7.360506E1 -7.126937E0
7.363836E1 -7.547482E0
7.367167E1 -7.880818E0
7.370497E1 -8.080476E0
7.373828E1 -8.097951E0
7.377158E1 -7.984856E0
7.380489E1 -7.656812E0
7.383819E1 -7.397475E0
7.387150E1 -6.759055E0
7.390480E1 -6.215686E0
7.393811E1 -5.545445E0
7.397141E1 -4.609593E0
7.400472E1 -3.658441E0
7.403802E1 -2.586026E0
7.407133E1 -1.433312E0
7.410463E1 -3.492267E-1
7.413794E1 7.940713E-1
7.417124E1 1.928586E0
7.420456E1 3.015850E0
7.423786E1 3.681839E0
7.427117E1 4.673883E0
7.430447E1 5.609805E0
7.433778E1 6.348849E0
7.437108E1 7.002208E0
7.440439E1 7.531637E0
7.443769E1 7.904618E0
7.447100E1 8.136503E0
7.450430E1 8.170394E0
7.453761E1 8.087289E0
7.457091E1 7.960411E0
7.460422E1 7.615933E0
7.463752E1 7.063024E0
7.467083E1 6.534920E0
7.470413E1 5.693905E0
7.473744E1 4.833359E0
7.477074E1 3.983449E0
7.480406E1 2.939125E0
7.483736E1 1.967000E0
7.487067E1 8.151796E-1
7.490397E1 -2.761290E-1
7.493728E1 -1.397999E0
7.497058E1 -2.453596E0
7.500389E1 -3.466068E0
7.503719E1 -4.411789E0
7.507050E1 -5.336183E0
7.510380E1 -5.927656E0
7.513711E1 -6.696088E0
7.517041E1 -7.223220E0
7.520372E1 -7.522728E0
7.523702E1 -7.771962E0
7.527032E1 -8.048047E0
7.530363E1 -8.043538E0
7.533693E1 -7.819758E0
7.537024E1 -7.349650E0
7.540354E1 -7.069444E0
7.543686E1 -6.504214E0
7.547016E1 -5.644780E0
7.550347E1 -4.939098E0
7.553677E1 -4.077881E0
7.557008E1 -3.013076E0
7.560338E1 -1.877596E0
7.563669E1 -6.914888E-1
7.566999E1 2.231430E-1
7.570330E1 1.347173E0
7.573660E1 2.428592E0
7.576991E1 3.276320E0
7.580321E1 4.395089E0
7.583652E1 5.316768E0
7.586982E1 6.045517E0
7.590313E1 6.672355E0
7.593643E1 7.215756E0
7.596974E1 7.663555E0
7.600304E1 8.089567E0
7.603636E1 8.160061E0
7.606966E1 8.154883E0
7.610297E1 7.994528E0
7.613627E1 7.751306E0
7.616958E1 7.223435E0
7.620288E1 6.600698E0
7.623619E1 5.895603E0
7.626949E1 5.213692E0
7.630280E1 4.244404E0
7.633610E1 3.365600E0
7.636941E1 2.378557E0
7.640271E1 1.338657E0
7.643602E1 1.722680E-1
7.646932E1 -6.778338E-1
7.650263E1 -1.768150E0
7.653593E1 -2.852347E0
7.656924E1 -3.733562E0
7.660254E1 -4.716863E0
7.663586E1 -5.400508E0
7.666916E1 -6.142738E0
7.670247E1 -6.930266E0
7.673577E1 -7.380636E0
7.676908E1 -7.739887E0
7.680238E1 -7.887710E0
7.683569E1 -8.016303E0
7.686899E1 -7.946602E0
7.690230E1 -7.677089E0
7.693560E1 -7.335326E0
7.696891E1 -6.777528E0
7.700221E1 -6.016482E0
7.703552E1 -5.306536E0
7.706882E1 -4.420084E0
7.710212E1 -3.551456E0
7.713543E1 -2.422071E0
7.716873E1 -1.412464E0
7.720204E1 -2.855673E-1
7.723534E1 7.598091E-1
7.726866E1 1.716165E0
7.730196E1 2.797591E0
7.733527E1 3.966761E0
7.736857E1 4.625779E0
7.740188E1 5.546741E0
7.743518E1 6.150603E0
7.746849E1 6.829453E0
7.750179E1 7.319118E0
7.753510E1 7.962324E0
7.756840E1 8.010657E0
7.760171E1 8.030248E0
7.763501E1 7.962856E0
7.766832E1 7.668800E0
7.770162E1 7.307367E0
7.773493E1 6.862569E0
7.776823E1 6.222111E0
7.780154E1 5.542991E0
7.783484E1 4.768092E0
7.786816E1 3.918531E0
7.790146E1 2.725735E0
7.793477E1 1.588268E0
7.796807E1 5.406134E-1
7.800138E1 -3.395927E-1
7.803468E1 -1.358328E0
7.806799E1 -2.395396E0
7.810129E1 -3.306139E0
7.813460E1 -4.174671E0
7.816790E1 -4.972056E0
7.820121E1 -5.767202E0
7.823451E1 -6.536786E0
7.826782E1 -6.920169E0
7.830112E1 -7.302823E0
7.833443E1 -7.419378E0
7.836773E1 -7.544229E0
7.840104E1 -7.537866E0
7.843434E1 -7.401494E0
7.846766E1 -7.076151E0
7.850096E1 -6.715439E0
7.853427E1 -6.269586E0
7.856757E1 -5.586312E0
7.860088E1 -4.795177E0
7.863418E1 -4.007223E0
7.866749E1 -2.897494E0
7.870079E1 -1.806713E0
7.873410E1 -5.853142E-1
7.876740E1 2.746735E-1
7.880071E1 1.487449E0
7.883401E1 2.526049E0
7.886732E1 3.454062E0
7.890062E1 4.480629E0
7.893392E1 5.359670E0
7.896723E1 6.165316E0
7.900053E1 6.605113E0
7.903384E1 7.140975E0
7.906714E1 7.626560E0
7.910046E1 7.904419E0
7.913376E1 8.152527E0
7.916707E1 8.134520E0
7.920037E1 7.919514E0
7.923368E1 7.695602E0
7.926698E1 7.068131E0
7.930029E1 6.451067E0
7.933359E1 5.821870E0
7.936690E1 5.049204E0
7.940020E1 4.328430E0
7.943351E1 3.285958E0
7.946681E1 2.200979E0
7.950012E1 1.240875E0
7.953342E1 2.263416E-1
7.956673E1 -6.892992E-1
7.960003E1 -1.704004E0
7.963334E1 -2.839060E0
7.966664E1 -3.719436E0
7.969996E1 -4.523189E0
7.973326E1 -5.495625E0
7.976657E1 -6.072095E0
7.979987E1 -6.617595E0
7.983318E1 -7.102095E0
7.986648E1 -7.344531E0
7.989979E1 -7.638439E0
7.993309E1 -7.645937E0
7.996640E1 -7.559770E0
7.999970E1 -7.100803E0
8.003301E1 -6.756626E0
8.006631E1 -6.348875E0
8.009962E1 -5.749856E0
8.013292E1 -5.074660E0
8.016623E1 -4.375764E0
8.019953E1 -3.146881E0
8.023284E1 -2.362690E0
8.026614E1 -1.106365E0
8.029946E1 -1.105828E-1
8.033276E1 8.075181E-1
8.036607E1 1.760894E0
8.039937E1 2.908601E0
8.043268E1 3.793042E0
8.046598E1 4.672738E0
8.049929E1 5.456774E0
8.053259E1 6.574083E0
8.056590E1 7.118449E0
8.059920E1 7.520995E0
8.063251E1 7.648259E0
8.066581E1 7.857157E0
8.069912E1 7.849870E0
8.073242E1 7.824432E0
8.076572E1 7.483228E0
8.079903E1 7.262538E0
8.083233E1 6.583258E0
8.086564E1 5.878851E0
8.089894E1 5.264226E0
8.093226E1 4.426592E0
8.096556E1 3.435184E0
8.099887E1 2.549865E0
8.103217E1 1.677398E0
8.106548E1 8.041241E-1
8.109878E1 -2.747669E-1
8.113209E1 -1.340999E0
8.116539E1 -2.369063E0
8.119870E1 -3.293117E0
8.123200E1 -3.987065E0
8.126531E1 -4.895238E0
8.129861E1 -5.796602E0
8.133192E1 -6.425148E0
8.136522E1 -6.952429E0
8.139853E1 -7.254881E0
8.143183E1 -7.219763E0
8.146514E1 -7.327336E0
8.149844E1 -7.320374E0
8.153176E1 -7.070416E0
8.156506E1 -6.971939E0
8.159837E1 -6.353889E0
8.163167E1 -5.936480E0
8.166498E1 -5.488623E0
8.169828E1 -4.672517E0
8.173159E1 -3.822960E0
8.176489E1 -2.864216E0
8.179820E1 -1.759510E0
8.183150E1 -6.664487E-1
8.186481E1 3.371562E-1
8.189811E1 1.381585E0
8.193142E1 2.337340E0
8.196472E1 3.274189E0
8.199803E1 4.212997E0
8.203133E1 4.910263E0
8.206464E1 5.739176E0
8.209794E1 6.391882E0
8.213126E1 6.787835E0
8.216456E1 7.222203E0
8.219787E1 7.537551E0
8.223117E1 7.843477E0
8.226448E1 7.835037E0
8.229778E1 7.462811E0
8.233109E1 7.194735E0
8.236439E1 6.929150E0
8.239770E1 6.206174E0
8.243100E1 5.586125E0
8.246431E1 4.811281E0
8.249761E1 3.935173E0
8.253092E1 3.068013E0
8.256422E1 2.034481E0
8.259752E1 1.068265E0
8.263083E1 5.302093E-2
8.266413E1 -9.763849E-1
8.269744E1 -1.895103E0
8.273074E1 -2.847469E0
8.276406E1 -4.000884E0
8.279736E1 -4.837167E0
8.283067E1 -5.522077E0
8.286397E1 -6.222693E0
8.289728E1 -6.773146E0
8.293058E1 -6.976041E0
8.296389E1 -7.039931E0
8.299719E1 -7.453626E0
8.303050E1 -7.470244E0
8.306380E1 -7.413490E0
8.309711E1 -7.195467E0
8.313041E1 -6.760564E0
8.316372E1 -6.147512E0
8.319702E1 -5.437037E0
8.323033E1 -4.830636E0
8.326363E1 -4.020632E0
8.329694E1 -2.923309E0
8.333024E1 -2.005864E0
8.336356E1 -1.018687E0
8.339686E1 -1.148329E-1
8.343017E1 6.419770E-1
8.346347E1 1.676939E0
8.349678E1 2.751089E0
8.353008E1 3.819418E0
8.356339E1 4.752372E0
8.359669E1 5.532981E0
8.363000E1 6.163464E0
8.366330E1 6.766721E0
8.369661E1 7.151477E0
8.372991E1 7.527812E0
8.376322E1 7.654444E0
8.379652E1 7.659368E0
8.382983E1 7.691072E0
8.386313E1 7.302092E0
8.389644E1 6.998866E0
8.392974E1 6.516810E0
8.396306E1 5.863010E0
8.399636E1 5.184665E0
8.402967E1 4.205724E0
8.406297E1 3.471500E0
8.409628E1 2.479868E0
8.412958E1 1.461441E0
8.416289E1 5.032220E-1
8.419619E1 -4.509840E-1
8.422950E1 -1.373904E0
8.426280E1 -2.324319E0
8.429611E1 -3.378684E0
8.432941E1 -4.290720E0
8.436272E1 -4.995833E0
8.439602E1 -5.459033E0
8.442932E1 -6.050530E0
8.446263E1 -6.425163E0
8.449593E1 -6.797901E0
8.452924E1 -7.048326E0
8.456254E1 -7.134552E0
8.459586E1 -7.148280E0
8.462916E1 -7.228442E0
8.466247E1 -6.753968E0
8.469577E1 -6.227328E0
8.472908E1 -5.709139E0
8.476238E1 -5.040475E0
8.479569E1 -4.271198E0
8.482899E1 -3.538550E0
8.486230E1 -2.680342E0
8.489560E1 -1.526719E0
8.492891E1 -4.875518E-1
8.496221E1 4.145668E-1
8.499552E1 1.279587E0
8.502882E1 2.198063E0
8.506213E1 3.339009E0
8.509543E1 4.129634E0
8.512874E1 4.929409E0
8.516204E1 5.665692E0
8.519536E1 6.167989E0
8.522866E1 6.954021E0
8.526197E1 7.257879E0
8.529527E1 7.472615E0
8.532858E1 7.544560E0
8.536188E1 7.541576E0
8.539519E1 7.330886E0
8.542849E1 7.069089E0
8.546180E1 6.704725E0
8.549510E1 6.097793E0
8.552841E1 5.428957E0
8.556171E1 4.784092E0
8.559502E1 3.969854E0
8.562832E1 2.706994E0
8.566163E1 1.845904E0
8.569493E1 1.125358E0
8.572824E1 6.536092E-2
8.576154E1 -1.079459E0
8.579486E1 -2.018922E0
8.582816E1 -2.892784E0
8.586147E1 -3.754323E0
8.589477E1 -4.637484E0
8.592808E1 -5.443337E0
8.596138E1 -6.100902E0
8.599469E1 -6.617048E0
8.602799E1 -7.009966E0
8.606130E1 -7.266903E0
8.609460E1 -7.439456E0
8.612791E1 -7.446254E0
8.616121E1 -7.343271E0
8.619452E1 -7.123645E0
8.622782E1 -6.754504E0
8.626112E1 -6.147219E0
8.629443E1 -5.587325E0
8.632773E1 -4.713998E0
8.636104E1 -3.890043E0
8.639434E1 -2.929928E0
8.642766E1 -2.000403E0
8.646096E1 -1.175066E0
8.649427E1 -1.828231E-1
8.652757E1 7.313050E-1
8.656088E1 1.784938E0
8.659418E1 2.672602E0
8.662749E1 3.683977E0
8.666079E1 4.454951E0
8.669410E1 5.260500E0
8.672740E1 5.905768E0
8.676071E1 6.319520E0
8.679401E1 6.868515E0
8.682732E1 7.144271E0
8.686062E1 7.378772E0
8.689393E1 7.372698E0
8.692723E1 7.218183E0
8.696054E1 7.050817E0
8.699384E1 6.715294E0
8.702716E1 6.342320E0
8.706046E1 5.687996E0
8.709377E1 5.106091E0
8.712707E1 4.256452E0
8.716038E1 3.464014E0
8.719368E1 2.577814E0
8.722699E1 1.588194E0
8.726029E1 6.760986E-1
8.729360E1 -3.014401E-1
8.732690E1 -1.459496E0
8.736021E1 -2.348414E0
8.739351E1 -3.176723E0
8.742682E1 -4.306755E0
8.746012E1 -5.000054E0
8.749343E1 -5.705297E0
8.752673E1 -6.131871E0
8.756004E1 -6.518041E0
8.759334E1 -6.888208E0
8.762666E1 -7.175187E0
8.765996E1 -7.248617E0
8.769327E1 -7.233207E0
8.772657E1 -7.040360E0
8.775988E1 -6.726509E0
8.779318E1 -6.186599E0
8.782649E1 -5.627260E0
8.785979E1 -4.903742E0
8.789310E1 -4.110829E0
8.792640E1 -3.379871E0
8.795971E1 -2.458068E0
8.799301E1 -1.546537E0
8.802632E1 -5.337294E-1
8.805962E1 5.135334E-1
8.809292E1 1.248443E0
8.812623E1 2.153656E0
8.815953E1 3.008897E0
8.819284E1 3.847869E0
8.822614E1 4.731874E0
8.825946E1 5.406890E0
8.829276E1 5.975469E0
8.832607E1 6.410148E0
8.835937E1 6.769243E0
8.839268E1 7.040047E0
8.842598E1 7.099472E0
8.845929E1 7.107174E0
8.849259E1 6.934338E0
8.852590E1 6.623607E0
8.855920E1 6.244232E0
8.859251E1 5.739074E0
8.862581E1 5.222498E0
8.865912E1 4.421819E0
8.869242E1 3.672182E0
8.872573E1 2.879173E0
8.875903E1 1.879600E0
8.879234E1 8.442360E-1
8.882564E1 5.348106E-3
8.885896E1 -1.022784E0
8.889226E1 -1.974435E0
8.892557E1 -2.938391E0
8.895887E1 -3.628097E0
8.899218E1 -4.453676E0
8.902548E1 -4.981399E0
8.905879E1 -5.749565E0
8.909209E1 -6.123913E0
8.912540E1 -6.367349E0
8.915870E1 -6.795177E0
8.919201E1 -6.864354E0
8.922531E1 -6.881806E0
8.925862E1 -6.806205E0
8.929192E1 -6.361581E0
8.932523E1 -6.149225E0
8.935853E1 -5.609936E0
8.939184E1 -5.016351E0
8.942514E1 -4.414059E0
8.945846E1 -3.632475E0
8.949176E1 -2.924319E0
8.952507E1 -2.111626E0
8.955837E1 -7.710237E-1
8.959168E1 1.234713E-1
8.962498E1 1.145264E0
8.965829E1 2.010993E0
8.969159E1 2.948786E0
8.972490E1 3.737162E0
8.975820E1 4.339174E0
8.979151E1 5.103392E0
8.982481E1 5.799597E0
8.985812E1 6.188168E0
8.989142E1 6.559705E0
8.992472E1 6.803391E0
8.995803E1 6.962691E0
8.999133E1 6.963740E0
9.002464E1 6.833173E0
9.005794E1 6.783101E0
9.009126E1 6.405051E0
9.012456E1 5.939601E0
9.015787E1 5.395976E0
9.019117E1 4.766929E0
9.022448E1 3.807177E0
9.025778E1 3.236218E0
9.029109E1 2.233549E0
9.032439E1 1.254460E0
9.035770E1 5.398675E-1
9.039100E1 -4.964235E-1
9.042431E1 -1.414204E0
9.045761E1 -2.271976E0
9.049092E1 -3.009537E0
9.052422E1 -3.912570E0
9.055753E1 -4.499760E0
9.059083E1 -5.372962E0
9.062414E1 -5.784623E0
9.065744E1 -6.186388E0
9.069076E1 -6.541631E0
9.072406E1 -6.662173E0
9.075737E1 -6.656067E0
9.079067E1 -6.848971E0
9.082398E1 -6.772051E0
9.085728E1 -6.423180E0
9.089059E1 -5.970598E0
9.092389E1 -5.464634E0
9.095720E1 -4.634498E0
9.099050E1 -3.917793E0
9.102381E1 -3.137854E0
9.105711E1 -2.321596E0
9.109042E1 -1.496140E0
9.112372E1 -7.040756E-1
9.115703E1 3.666577E-1
9.119033E1 1.199431E0
9.122364E1 2.272472E0
9.125694E1 3.023221E0
9.129026E1 4.042187E0
9.132356E1 4.856805E0
9.135687E1 5.482992E0
9.139017E1 6.119761E0
9.142348E1 6.425816E0
9.145678E1 6.897450E0
9.149009E1 6.981715E0
9.152339E1 7.019533E0
9.155670E1 6.999347E0
9.159000E1 6.855248E0
9.162331E1 6.592176E0
9.165661E1 6.151624E0
9.168992E1 5.683320E0
9.172322E1 5.031973E0
9.175652E1 4.360152E0
9.178983E1 3.663357E0
9.182313E1 2.825757E0
9.185644E1 1.761772E0
9.188974E1 8.824906E-1
9.192306E1 8.047037E-2
9.195636E1 -9.211135E-1
9.198967E1 -1.895193E0
9.202297E1 -2.581632E0
9.205628E1 -3.431944E0
9.208958E1 -4.235142E0
9.212289E1 -5.089986E0
9.215619E1 -5.755313E0
9.218950E1 -6.049692E0
9.222280E1 -6.631522E0
9.225611E1 -6.827019E0
9.228941E1 -6.898254E0
9.232272E1 -6.911210E0
9.235602E1 -6.773406E0
9.238933E1 -6.399300E0
9.242263E1 -6.027081E0
9.245594E1 -5.480200E0
9.248924E1 -4.852380E0
9.252256E1 -4.288421E0
9.255586E1 -3.521819E0
9.258917E1 -2.698667E0
9.262247E1 -1.852374E0
9.265578E1 -8.229845E-1
9.268908E1 4.664363E-2
9.272239E1 1.107833E0
9.275569E1 1.964238E0
9.278900E1 2.626168E0
9.282230E1 3.360964E0
9.285561E1 4.194565E0
9.288891E1 4.835225E0
9.292222E1 5.453169E0
9.295552E1 5.936264E0
9.298883E1 6.512374E0
9.302213E1 6.778865E0
9.305544E1 6.909966E0
9.308874E1 6.902608E0
9.312206E1 6.774298E0
9.315536E1 6.524337E0
9.318867E1 5.961033E0
9.322197E1 5.474098E0
9.325528E1 4.893435E0
9.328858E1 4.253880E0
9.332189E1 3.604553E0
9.335519E1 2.873526E0
9.338850E1 2.078954E0
9.342180E1 1.131334E0
9.345511E1 2.441221E-1
9.348841E1 -5.507654E-1
9.352172E1 -1.547546E0
9.355502E1 -2.430670E0
9.358832E1 -3.324648E0
9.362163E1 -4.014060E0
9.365493E1 -4.590396E0
9.368824E1 -5.284348E0
9.372154E1 -5.813816E0
9.375486E1 -6.197868E0
9.378816E1 -6.410889E0
9.382147E1 -6.665129E0
9.385477E1 -6.689810E0
9.388808E1 -6.664223E0
9.392138E1 -6.280903E0
9.395469E1 -6.107606E0
9.398799E1 -5.783606E0
9.402130E1 -5.335275E0
9.405460E1 -4.649932E0
9.408791E1 -3.970565E0
9.412121E1 -3.191253E0
9.415452E1 -2.410031E0
9.418782E1 -1.496052E0
9.422113E1 -3.979991E-1
9.425443E1 4.510712E-1
9.428774E1 1.405026E0
9.432104E1 2.237128E0
9.435436E1 3.014485E0
9.438766E1 3.805836E0
9.442097E1 4.408717E0
9.445427E1 5.034392E0
9.448758E1 5.635053E0
9.452088E1 6.144885E0
9.455419E1 6.452151E0
9.458749E1 6.600833E0
9.462080E1 6.626695E0
9.465410E1 6.586546E0
9.468741E1 6.402483E0
9.472071E1 6.225205E0
9.475402E1 5.843813E0
9.478732E1 5.347800E0
9.482063E1 4.647993E0
9.485393E1 4.007749E0
9.488724E1 3.078553E0
9.492054E1 2.388925E0
9.495386E1 1.597267E0
9.498716E1 5.467892E-1
9.502047E1 -2.578537E-1
9.505377E1 -1.037022E0
9.508708E1 -1.956214E0
9.512038E1 -2.712742E0
9.515369E1 -3.650123E0
9.518699E1 -4.360960E0
9.522030E1 -4.982459E0
9.525360E1 -5.366048E0
9.528691E1 -5.908978E0
9.532021E1 -6.105651E0
9.535352E1 -6.321948E0
9.538682E1 -6.579711E0
9.542012E1 -6.578442E0
9.545343E1 -6.438372E0
9.548673E1 -5.937198E0
9.552004E1 -5.603106E0
9.555334E1 -5.364148E0
9.558666E1 -4.669826E0
9.561996E1 -4.195733E0
9.565327E1 -3.224676E0
9.568657E1 -2.504908E0
9.571988E1 -1.475757E0
9.575318E1 -8.130765E-1
9.578649E1 1.585470E-1
9.581979E1 1.045795E0
9.585310E1 1.981363E0
9.588640E1 2.927654E0
9.591971E1 3.605035E0
9.595301E1 4.296633E0
9.598632E1 4.916969E0
9.601962E1 5.436557E0
9.605293E1 5.866990E0
9.608623E1 6.189780E0
9.611954E1 6.422487E0
9.615284E1 6.574192E0
9.618616E1 6.582811E0
9.621946E1 6.525076E0
9.625277E1 6.365282E0
9.628607E1 5.981547E0
9.631938E1 5.547119E0
9.635268E1 4.875341E0
9.638599E1 4.410954E0
9.641929E1 3.565600E0
9.645260E1 2.621548E0
9.648590E1 2.065504E0
9.651921E1 1.110523E0
9.655251E1 1.095864E-1
9.658582E1 -7.706072E-1
9.661912E1 -1.589964E0
9.665243E1 -2.366343E0
9.668573E1 -3.325715E0
9.671904E1 -4.084022E0
9.675234E1 -4.760123E0
9.678566E1 -5.174298E0
9.681896E1 -5.737151E0
9.685227E1 -6.036073E0
9.688557E1 -6.353005E0
9.691888E1 -6.392399E0
9.695218E1 -6.406178E0
9.698549E1 -6.382343E0
9.701879E1 -6.206022E0
9.705210E1 -5.947062E0
9.708540E1 -5.593834E0
9.711871E1 -4.931571E0
9.715201E1 -4.272994E0
9.718532E1 -3.566847E0
9.721862E1 -2.878184E0
9.725192E1 -2.178289E0
9.728523E1 -1.233660E0
9.731853E1 -4.538286E-1
9.735184E1 4.102008E-1
9.738514E1 1.208092E0
9.741846E1 2.136074E0
9.745176E1 2.971032E0
9.748507E1 3.832663E0
9.751837E1 4.618402E0
9.755168E1 5.235660E0
9.758498E1 5.908582E0
9.761829E1 6.079120E0
9.765159E1 6.380716E0
9.768490E1 6.554286E0
9.771820E1 6.580771E0
9.775151E1 6.532902E0
9.778481E1 6.331098E0
9.781812E1 6.040088E0
9.785142E1 5.665723E0
9.788473E1 5.166077E0
9.791803E1 4.535052E0
9.795134E1 4.059199E0
9.798464E1 3.269380E0
9.801796E1 2.461922E0
9.805126E1 1.466407E0
9.808457E1 6.750143E-1
9.811787E1 -2.428618E-1
9.815118E1 -1.191915E0
9.818448E1 -1.941909E0
9.821779E1 -2.798855E0
9.825109E1 -3.400828E0
9.828440E1 -4.161131E0
9.831770E1 -4.831907E0
9.835101E1 -5.397424E0
9.838431E1 -5.921007E0
9.841762E1 -6.254417E0
9.845092E1 -6.515591E0
9.848423E1 -6.370277E0
9.851753E1 -6.376260E0
9.855084E1 -6.410679E0
9.858414E1 -5.975352E0
9.861746E1 -5.620986E0
9.865076E1 -5.091021E0
9.868407E1 -4.554665E0
9.871737E1 -3.976389E0
9.875068E1 -3.109179E0
9.878398E1 -2.301179E0
9.881729E1 -1.316571E0
9.885059E1 -4.555664E-1
9.888390E1 3.436934E-1
9.891720E1 1.110460E0
9.895051E1 1.935805E0
9.898381E1 2.756767E0
9.901712E1 3.540541E0
9.905042E1 4.147752E0
9.908372E1 4.836029E0
9.911703E1 5.297807E0
9.915033E1 5.701920E0
9.918364E1 6.086184E0
9.921694E1 6.354880E0
9.925026E1 6.412166E0
9.928356E1 6.417523E0
9.931687E1 6.320121E0
9.935017E1 6.028049E0
9.938348E1 5.731105E0
9.941678E1 5.249464E0
9.945009E1 4.875604E0
9.948339E1 4.240554E0
9.951670E1 3.487587E0
9.955000E1 2.723055E0
9.958331E1 1.858059E0
9.961661E1 9.498488E-1
9.964992E1 1.980621E-1
9.968322E1 -5.854400E-1
9.971653E1 -1.502420E0
9.974983E1 -2.201285E0
9.978314E1 -3.105624E0
9.981644E1 -3.760712E0
9.984976E1 -4.381112E0
9.988306E1 -5.008486E0
9.991637E1 -5.427386E0
9.994967E1 -5.781111E0
9.998298E1 -6.122252E0
1.000163E2 -6.151846E0
1.000496E2 -6.157190E0
1.000829E2 -6.228878E0
1.001162E2 -5.903737E0
1.001495E2 -5.723569E0
1.001828E2 -5.229906E0
1.002161E2 -4.623656E0
1.002494E2 -4.013221E0
1.002827E2 -3.458206E0
1.003160E2 -2.669457E0
1.003493E2 -1.920646E0
1.003826E2 -1.123992E0
1.004159E2 -7.945397E-2
1.004493E2 6.426266E-1
1.004826E2 1.569849E0
1.005159E2 2.204679E0
1.005492E2 2.981880E0
1.005825E2 3.875879E0
1.006158E2 4.445885E0
1.006491E2 5.008691E0
1.006824E2 5.478219E0
1.007157E2 5.887464E0
1.007490E2 6.101131E0
1.007823E2 6.209800E0
1.008156E2 6.258557E0
1.008489E2 6.168452E0
1.008822E2 6.012100E0
1.009155E2 5.757669E0
1.009488E2 5.347837E0
1.009821E2 4.940937E0
1.010154E2 4.337560E0
1.010487E2 3.692900E0
1.010821E2 3.081470E0
1.011154E2 2.215128E0
1.011487E2 1.378540E0
1.011820E2 6.274209E-1
1.012153E2 -2.421779E-1
1.012486E2 -1.106280E0
1.012819E2 -1.957536E0
1.013152E2 -2.686038E0
1.013485E2 -3.293042E0
1.013818E2 -3.910401E0
1.014151E2 -4.745736E0
1.014484E2 -5.292297E0
1.014817E2 -5.746564E0
1.015150E2 -6.066333E0
1.015483E2 -6.004001E0
1.015816E2 -6.270246E0
1.016149E2 -6.257164E0
1.016482E2 -6.143245E0
1.016816E2 -5.963215E0
1.017149E2 -5.535903E0
1.017482E2 -4.930851E0
1.017815E2 -4.482618E0
1.018148E2 -3.787754E0
1.018481E2 -3.008872E0
1.018814E2 -2.237595E0
1.019147E2 -1.404827E0
1.019480E2 -4.345917E-1
1.019813E2 3.342047E-1
1.020146E2 1.173425E0
1.020479E2 1.893220E0
1.020812E2 2.766016E0
1.021145E2 3.438743E0
1.021478E2 4.113235E0
1.021811E2 4.795842E0
1.022144E2 5.449265E0
1.022477E2 5.765552E0
1.022811E2 6.046505E0
1.023144E2 6.238218E0
1.023477E2 6.348749E0
1.023810E2 6.357749E0
1.024143E2 6.216410E0
1.024476E2 5.944451E0
1.024809E2 5.601462E0
1.025142E2 5.161722E0
1.025475E2 4.511522E0
1.025808E2 3.922949E0
1.026141E2 3.408843E0
1.026474E2 2.609083E0
1.026807E2 1.936251E0
1.027140E2 9.000069E-1
1.027473E2 5.852405E-2
1.027806E2 -7.706060E-1
1.028139E2 -1.545048E0
1.028472E2 -2.280426E0
1.028805E2 -3.040497E0
1.029139E2 -3.837031E0
1.029472E2 -4.545857E0
1.029805E2 -5.085489E0
1.030138E2 -5.558392E0
1.030471E2 -5.951120E0
1.030804E2 -6.191438E0
1.031137E2 -6.330183E0
1.031470E2 -6.328221E0
1.031803E2 -6.224524E0
1.032136E2 -5.962971E0
1.032469E2 -5.618983E0
1.032802E2 -5.011720E0
1.033135E2 -4.584320E0
1.033468E2 -3.958739E0
1.033801E2 -3.334114E0
1.034134E2 -2.511176E0
1.034467E2 -1.531607E0
1.034800E2 -6.699093E-1
1.035134E2 1.038624E-1
1.035467E2 9.663526E-1
1.035800E2 1.827625E0
1.036133E2 2.534358E0
1.036466E2 3.464877E0
1.036799E2 4.140349E0
1.037132E2 4.888189E0
1.037465E2 5.408160E0
1.037798E2 5.851075E0
1.038131E2 6.062266E0
1.038464E2 6.512113E0
1.038797E2 6.454512E0
1.039130E2 6.444120E0
1.039463E2 6.387772E0
1.039796E2 6.430246E0
1.040129E2 5.943732E0
1.040462E2 5.650173E0
1.040795E2 5.003546E0
1.041129E2 4.418234E0
1.041462E2 3.749045E0
1.041795E2 3.061067E0
1.042128E2 2.107973E0
1.042461E2 1.158441E0
1.042794E2 3.800627E-1
1.043127E2 -3.642841E-1
1.043460E2 -1.098370E0
1.043793E2 -1.896161E0
1.044126E2 -2.635923E0
1.044459E2 -3.355337E0
1.044792E2 -4.062913E0
1.045125E2 -4.717197E0
1.045458E2 -5.245596E0
1.045791E2 -5.684676E0
1.046124E2 -5.805683E0
1.046457E2 -5.985780E0
1.046790E2 -6.148934E0
1.047123E2 -6.147548E0
1.047457E2 -6.021559E0
1.047790E2 -5.629987E0
1.048123E2 -5.178933E0
1.048456E2 -4.775180E0
1.048789E2 -4.289374E0
1.049122E2 -3.490727E0
1.049455E2 -2.903057E0
1.049788E2 -2.206982E0
1.050121E2 -1.274613E0
1.050454E2 -5.184721E-1
1.050787E2 3.167071E-1
1.051120E2 1.191095E0
1.051453E2 1.989467E0
1.051786E2 2.663484E0
1.052119E2 3.379671E0
1.052452E2 4.109079E0
1.052785E2 4.769918E0
1.053118E2 5.176861E0
1.053452E2 5.669952E0
1.053785E2 5.836715E0
1.054118E2 5.959350E0
1.054451E2 5.972020E0
1.054784E2 5.952667E0
1.055117E2 5.809136E0
1.055450E2 5.604143E0
1.055783E2 5.295516E0
1.056116E2 4.820155E0
1.056449E2 4.282721E0
1.056782E2 3.693437E0
1.057115E2 2.995862E0
1.057448E2 2.108351E0
1.057781E2 1.252416E0
1.058114E2 5.581284E-1
1.058447E2 -6.000163E-2
1.058780E2 -7.344779E-1
1.059113E2 -1.469979E0
1.059447E2 -2.376114E0
1.059780E2 -2.849941E0
1.060113E2 -3.765722E0
1.060446E2 -4.263797E0
1.060779E2 -4.829968E0
1.061112E2 -5.276632E0
1.061445E2 -5.592421E0
1.061778E2 -5.796327E0
1.062111E2 -5.779024E0
1.062444E2 -5.791239E0
1.062777E2 -5.754002E0
1.063110E2 -5.674060E0
1.063443E2 -5.243918E0
1.063776E2 -4.853155E0
1.064109E2 -4.306892E0
1.064442E2 -3.904427E0
1.064775E2 -3.247716E0
1.065108E2 -2.591151E0
1.065441E2 -1.884558E0
1.065775E2 -1.031057E0
1.066108E2 -1.394371E-1
1.066441E2 6.527721E-1
1.066774E2 1.502732E0
1.067107E2 2.228131E0
1.067440E2 3.107036E0
1.067773E2 3.767382E0
1.068106E2 4.335264E0
1.068439E2 4.980735E0
1.068772E2 5.416589E0
1.069105E2 5.803428E0
1.069438E2 6.157668E0
1.069771E2 6.326101E0
1.070104E2 6.338117E0
1.070437E2 6.167881E0
1.070770E2 6.003946E0
1.071103E2 5.659822E0
1.071436E2 5.283757E0
1.071770E2 4.790244E0
1.072103E2 4.166696E0
1.072436E2 3.609146E0
1.072769E2 2.725044E0
1.073102E2 2.079138E0
1.073435E2 1.241012E0
1.073768E2 3.616460E-1
1.074101E2 -5.101573E-1
1.074434E2 -1.223009E0
1.074767E2 -2.137990E0
1.075100E2 -2.973585E0
1.075433E2 -3.711555E0
1.075766E2 -4.285612E0
1.076099E2 -4.828688E0
1.076432E2 -5.255848E0
1.076765E2 -5.679762E0
1.077098E2 -5.969901E0
1.077431E2 -6.030858E0
1.077765E2 -6.040701E0
1.078098E2 -5.986009E0
1.078431E2 -5.802581E0
1.078764E2 -5.530435E0
1.079097E2 -4.958552E0
1.079430E2 -4.405964E0
1.079763E2 -3.918255E0
1.080096E2 -3.233528E0
1.080429E2 -2.753252E0
1.080762E2 -1.836544E0
1.081095E2 -1.099634E0
1.081428E2 -3.141335E-1
1.081761E2 5.210077E-1
1.082094E2 1.236403E0
1.082427E2 2.029473E0
1.082760E2 2.751146E0
1.083093E2 3.457176E0
1.083426E2 4.075451E0
1.083759E2 4.678034E0
1.084093E2 5.186114E0
1.084426E2 5.527773E0
1.084759E2 5.837126E0
1.085092E2 6.096109E0
1.085425E2 6.080310E0
1.085758E2 6.066870E0
1.086091E2 5.917743E0
1.086424E2 5.649947E0
1.086757E2 5.493836E0
1.087090E2 5.064991E0
1.087423E2 4.445676E0
1.087756E2 3.795561E0
1.088089E2 3.117830E0
1.088422E2 2.409204E0
1.088755E2 1.651152E0
1.089088E2 9.616838E-1
1.089421E2 1.427821E-2
1.089754E2 -7.946258E-1
1.090088E2 -1.449200E0
1.090421E2 -2.173022E0
1.090754E2 -2.810441E0
1.091087E2 -3.487091E0
1.091420E2 -4.020716E0
1.091753E2 -4.601123E0
1.092086E2 -5.062924E0
1.092419E2 -5.372628E0
1.092752E2 -5.615458E0
1.093085E2 -5.706391E0
1.093418E2 -5.715989E0
1.093751E2 -5.566070E0
1.094084E2 -5.442529E0
1.094417E2 -5.177138E0
1.094750E2 -4.679880E0
1.095083E2 -4.135660E0
1.095416E2 -3.529413E0
1.095749E2 -2.829617E0
1.096083E2 -2.143873E0
1.096416E2 -1.353790E0
1.096749E2 -7.263401E-1
1.097082E2 1.791508E-1
1.097415E2 9.253941E-1
1.097748E2 1.753342E0
1.098081E2 2.451056E0
1.098414E2 3.164062E0
1.098747E2 3.756790E0
1.099080E2 4.362520E0
1.099413E2 4.804621E0
1.099746E2 5.322236E0
1.100079E2 5.699505E0
1.100412E2 5.908764E0
1.100745E2 6.023217E0
1.101078E2 6.018046E0
1.101411E2 5.887902E0
1.101744E2 5.632791E0
1.102077E2 5.558433E0
1.102411E2 4.971446E0
1.102744E2 4.517935E0
1.103077E2 4.018781E0
1.103410E2 3.408547E0
1.103743E2 2.610839E0
1.104076E2 1.836903E0
1.104409E2 1.144999E0
1.104742E2 3.165044E-1
1.105075E2 -4.494335E-1
1.105408E2 -1.504914E0
1.105741E2 -2.204746E0
1.106074E2 -2.780086E0
1.106407E2 -3.460949E0
1.106740E2 -4.080975E0
1.107073E2 -4.669229E0
1.107406E2 -5.232108E0
1.107739E2 -5.583648E0
1.108072E2 -5.870826E0
1.108406E2 -6.071929E0
1.108739E2 -6.042099E0
1.109072E2 -5.947848E0
1.109405E2 -5.773853E0
1.109738E2 -5.487960E0
1.110071E2 -4.984905E0
1.110404E2 -4.601139E0
1.110737E2 -4.015962E0
1.111070E2 -3.354800E0
1.111403E2 -2.629808E0
1.111736E2 -1.837927E0
1.112069E2 -8.491950E-1
1.112402E2 -6.062729E-2
1.112735E2 6.360894E-1
1.113068E2 1.330190E0
1.113401E2 2.058772E0
1.113734E2 2.782392E0
1.114067E2 3.403831E0
1.114401E2 4.012215E0
1.114734E2 4.610748E0
1.115067E2 4.967274E0
1.115400E2 5.424515E0
1.115733E2 5.826246E0
1.116066E2 5.897513E0
1.116399E2 5.923443E0
1.116732E2 5.878622E0
1.117065E2 5.730846E0
1.117398E2 5.537315E0
1.117731E2 5.234481E0
1.118064E2 4.781499E0
1.118397E2 4.313092E0
1.118730E2 3.613176E0
1.119063E2 3.009945E0
1.119396E2 2.389761E0
1.119729E2 1.414432E0
1.120062E2 6.826106E-1
1.120395E2 -1.303578E-1
1.120729E2 -8.603588E-1
1.121062E2 -1.434827E0
1.121395E2 -2.145888E0
1.121728E2 -2.817577E0
1.122061E2 -3.583898E0
1.122394E2 -4.266713E0
1.122727E2 -4.694675E0
1.123060E2 -4.838260E0
1.123393E2 -5.124326E0
1.123726E2 -5.514230E0
1.124059E2 -5.620970E0
1.124392E2 -5.627775E0
1.124725E2 -5.539214E0
1.125058E2 -5.355266E0
1.125391E2 -4.767808E0
1.125724E2 -4.272043E0
1.126057E2 -3.898304E0
1.126390E2 -3.371847E0
1.126724E2 -2.896218E0
1.127057E2 -2.174554E0
1.127390E2 -1.407266E0
1.127723E2 -5.483106E-1
1.128056E2 4.115154E-1
1.128389E2 1.222799E0
1.128722E2 2.023664E0
1.129055E2 2.772459E0
1.129388E2 3.367906E0
1.129721E2 4.134713E0
1.130054E2 4.567082E0
1.130387E2 5.107087E0
1.130720E2 5.618663E0
1.131053E2 5.855518E0
1.131386E2 5.953163E0
1.131719E2 6.130800E0
1.132052E2 6.129948E0
1.132385E2 6.107103E0
1.132719E2 5.945548E0
1.133052E2 5.485199E0
1.133385E2 5.189533E0
1.133718E2 4.625369E0
1.134051E2 3.944523E0
1.134384E2 3.322338E0
1.134717E2 2.703977E0
1.135050E2 1.743420E0
1.135383E2 1.094882E0
1.135716E2 3.270637E-1
1.136049E2 -4.227281E-1
1.136382E2 -1.326473E0
1.136715E2 -2.185682E0
1.137048E2 -2.600672E0
1.137381E2 -3.183052E0
1.137714E2 -3.891477E0
1.138047E2 -4.459264E0
1.138380E2 -4.869055E0
1.138713E2 -5.134957E0
1.139047E2 -5.347427E0
1.139380E2 -5.472125E0
1.139713E2 -5.471567E0
1.140046E2 -5.597737E0
1.140379E2 -5.361826E0
1.140712E2 -5.087665E0
1.141045E2 -4.668485E0
1.141378E2 -4.105560E0
1.141711E2 -3.676885E0
1.142044E2 -2.951293E0
1.142377E2 -2.301847E0
1.142710E2 -1.713923E0
1.143043E2 -8.228123E-1
1.143376E2 -8.077939E-2
1.143709E2 6.292906E-1
1.144042E2 1.412726E0
1.144375E2 2.363090E0
1.144708E2 3.016634E0
1.145042E2 3.636364E0
1.145375E2 4.078902E0
1.145708E2 4.865320E0
1.146041E2 5.156713E0
1.146374E2 5.528005E0
1.146707E2 5.870027E0
1.147040E2 5.754702E0
1.147373E2 5.751566E0
1.147706E2 5.737652E0
1.148039E2 5.533370E0
1.148372E2 5.498784E0
1.148705E2 4.989077E0
1.149038E2 4.467304E0
1.149371E2 3.900327E0
1.149704E2 3.400067E0
1.150037E2 2.733536E0
1.150370E2 1.848954E0
1.150703E2 1.185587E0
1.151037E2 5.432926E-1
1.151370E2 -2.034891E-1
1.151703E2 -9.205535E-1
1.152036E2 -1.771390E0
1.152369E2 -2.338063E0
1.152702E2 -3.062320E0
1.153035E2 -3.671202E0
1.153368E2 -4.129373E0
1.153701E2 -4.608115E0
1.154034E2 -4.965727E0
1.154367E2 -5.230859E0
1.154700E2 -5.299774E0
1.155033E2 -5.442258E0
1.155366E2 -5.445290E0
1.155699E2 -5.267808E0
1.156032E2 -5.077177E0
1.156365E2 -4.551896E0
1.156698E2 -4.309641E0
1.157031E2 -3.565405E0
1.157365E2 -2.954839E0
1.157698E2 -2.423047E0
1.158031E2 -2.065399E0
1.158364E2 -1.292882E0
1.158697E2 -5.864384E-1
1.159030E2 1.607280E-1
1.159363E2 9.838566E-1
1.159696E2 1.616772E0
1.160029E2 2.491142E0
1.160362E2 3.272972E0
1.160695E2 3.716241E0
1.161028E2 4.444818E0
1.161361E2 4.863704E0
1.161694E2 5.305704E0
1.162027E2 5.499914E0
1.162360E2 5.538555E0
1.162693E2 5.481951E0
1.163026E2 5.476430E0
1.163360E2 5.309689E0
1.163693E2 5.258858E0
1.164026E2 4.934192E0
1.164359E2 4.679961E0
1.164692E2 4.004946E0
1.165025E2 3.663540E0
1.165358E2 2.859728E0
1.165691E2 2.162879E0
1.166024E2 1.461669E0
1.166357E2 7.017540E-1
1.166690E2 -8.172084E-2
1.167023E2 -6.573059E-1
1.167356E2 -1.280901E0
1.167689E2 -2.193449E0
1.168022E2 -2.789744E0
1.168355E2 -3.454516E0
1.168688E2 -4.191318E0
1.169021E2 -4.703439E0
1.169355E2 -5.095705E0
1.169688E2 -5.326593E0
1.170021E2 -5.563748E0
1.170354E2 -5.667162E0
1.170687E2 -5.670354E0
1.171020E2 -5.532467E0
1.171353E2 -5.249144E0
1.171686E2 -4.770273E0
1.172019E2 -4.441407E0
1.172352E2 -3.965338E0
1.172685E2 -3.546964E0
1.173018E2 -2.890901E0
1.173351E2 -2.171393E0
1.173684E2 -1.471485E0
1.174017E2 -7.818751E-1
1.174350E2 -1.137907E-1
1.174683E2 6.196595E-1
1.175016E2 1.405554E0
1.175349E2 2.099920E0
1.175683E2 2.671950E0
1.176016E2 3.278994E0
1.176349E2 3.943769E0
1.176682E2 4.403925E0
1.177015E2 4.896019E0
1.177348E2 5.238007E0
1.177681E2 5.461491E0
1.178014E2 5.523406E0
1.178347E2 5.517940E0
1.178680E2 5.500420E0
1.179013E2 5.383305E0
1.179346E2 5.074760E0
1.179679E2 4.794515E0
1.180012E2 4.397794E0
1.180345E2 3.915433E0
1.180678E2 3.324811E0
1.181011E2 2.364198E0
1.181344E2 1.633142E0
1.181678E2 9.470938E-1
1.182011E2 3.321421E-1
1.182344E2 -2.955565E-1
1.182677E2 -9.645864E-1
1.183010E2 -1.612031E0
1.183343E2 -2.516358E0
1.183676E2 -3.069245E0
1.184009E2 -3.697235E0
1.184342E2 -4.315819E0
1.184675E2 -4.694340E0
1.185008E2 -4.993991E0
1.185341E2 -5.115563E0
1.185674E2 -5.267420E0
1.186007E2 -5.280598E0
1.186340E2 -5.268387E0
1.186673E2 -5.188345E0
1.187006E2 -5.052197E0
1.187339E2 -4.789777E0
1.187673E2 -4.368475E0
1.188006E2 -3.863716E0
1.188339E2 -3.199593E0
1.188672E2 -2.588721E0
1.189005E2 -1.688876E0
1.189338E2 -8.819211E-1
1.189671E2 -2.999887E-1
1.190004E2 3.216381E-1
1.190337E2 1.324156E0
1.190670E2 1.964093E0
1.191003E2 2.739410E0
1.191336E2 3.221393E0
1.191669E2 3.570887E0
1.192002E2 4.107347E0
1.192335E2 4.469040E0
1.192668E2 4.839561E0
1.193001E2 5.129799E0
1.193334E2 5.290113E0
1.193667E2 5.383262E0
1.194001E2 5.380763E0
1.194334E2 5.370885E0
1.194667E2 5.206588E0
1.195000E2 4.743507E0
1.195333E2 4.279461E0
1.195666E2 3.810800E0
1.195999E2 3.210938E0
1.196332E2 2.726574E0
1.196665E2 2.244282E0
1.196998E2 1.372608E0
1.197331E2 8.409662E-1
1.197664E2 2.553133E-2
1.197997E2 -8.070307E-1
1.198330E2 -1.552883E0
1.198663E2 -2.261611E0
1.198996E2 -2.832994E0
1.199329E2 -3.390387E0
1.199662E2 -3.897840E0
1.199996E2 -4.537501E0
1.200329E2 -4.931972E0
1.200662E2 -5.197948E0
1.200995E2 -5.284498E0
1.201328E2 -5.328878E0
1.201661E2 -5.325274E0
1.201994E2 -5.201421E0
1.202327E2 -4.899003E0
1.202660E2 -4.645712E0
1.202993E2 -4.260689E0
1.203326E2 -3.619173E0
1.203659E2 -3.305609E0
1.203992E2 -2.794832E0
1.204325E2 -2.190499E0
1.204658E2 -1.495263E0
1.204991E2 -5.706527E-1
1.205324E2 3.284791E-2
1.205657E2 7.539515E-1
1.205991E2 1.507825E0
1.206324E2 2.104145E0
1.206657E2 2.720589E0
1.206990E2 3.398996E0
1.207323E2 3.918821E0
1.207656E2 4.351450E0
1.207989E2 4.657056E0
1.208322E2 5.187551E0
1.208655E2 5.352269E0
1.208988E2 5.616125E0
1.209321E2 5.624231E0
1.209654E2 5.513329E0
1.209987E2 5.367692E0
1.210320E2 5.015778E0
1.210653E2 4.697282E0
1.210986E2 4.278509E0
1.211319E2 3.680391E0
1.211652E2 3.142077E0
1.211985E2 2.450995E0
1.212319E2 1.769339E0
1.212652E2 1.070059E0
1.212985E2 4.018199E-1
1.213318E2 -2.101925E-1
1.213651E2 -1.003038E0
1.213984E2 -1.819041E0
1.214317E2 -2.541082E0
1.214650E2 -2.998283E0
1.214983E2 -3.458228E0
1.215316E2 -4.015495E0
1.215649E2 -4.374842E0
1.215982E2 -4.653046E0
1.216315E2 -4.935024E0
1.216648E2 -5.076533E0
1.216981E2 -5.081006E0
1.217314E2 -5.061193E0
1.217647E2 -4.843319E0
1.217980E2 -4.688821E0
1.218314E2 -4.205238E0
1.218647E2 -3.902981E0
1.218980E2 -3.457387E0
1.219313E2 -2.833263E0
1.219646E2 -2.201055E0
1.219979E2 -1.616217E0
1.220312E2 -9.359035E-1
1.220645E2 2.928916E-2
1.220978E2 6.440801E-1
1.221311E2 1.123504E0
1.221644E2 1.712936E0
1.221977E2 2.410654E0
1.222310E2 2.971679E0
1.222643E2 3.578069E0
1.222976E2 3.937289E0
1.223309E2 4.314112E0
1.223642E2 4.607471E0
1.223975E2 4.854234E0
1.224309E2 5.029441E0
1.224642E2 5.076395E0
1.224975E2 5.049151E0
1.225308E2 4.894492E0
1.225641E2 4.636046E0
1.225974E2 4.442963E0
1.226307E2 4.030813E0
1.226640E2 3.631188E0
1.226973E2 3.023909E0
1.227306E2 2.385825E0
1.227639E2 1.728428E0
1.227972E2 1.027472E0
1.228305E2 2.810892E-1
1.228638E2 -4.764410E-1
1.228971E2 -1.192110E0
1.229304E2 -1.890611E0
1.229637E2 -2.538627E0
1.229970E2 -3.046998E0
1.230303E2 -3.636828E0
1.230637E2 -4.185464E0
1.230970E2 -4.597081E0
1.231303E2 -4.926970E0
1.231636E2 -5.132252E0
1.231969E2 -5.321582E0
1.232302E2 -5.375992E0
1.232635E2 -5.360989E0
1.232968E2 -5.265601E0
1.233301E2 -5.003454E0
1.233634E2 -4.603649E0
1.233967E2 -4.145086E0
1.234300E2 -3.690653E0
1.234633E2 -3.132517E0
1.234966E2 -2.332393E0
1.235299E2 -1.930832E0
1.235632E2 -1.377949E0
1.235965E2 -6.664962E-1
1.236298E2 1.149289E-1
1.236632E2 8.939042E-1
1.236965E2 1.581896E0
1.237298E2 2.187863E0
1.237631E2 2.796750E0
1.237964E2 3.484147E0
1.238297E2 4.067384E0
1.238630E2 4.349753E0
1.238963E2 4.707141E0
1.239296E2 4.946726E0
1.239629E2 5.074419E0
1.239962E2 5.266237E0
1.240295E2 5.262035E0
1.240628E2 5.114533E0
1.240961E2 4.866212E0
1.241294E2 4.612705E0
1.241627E2 4.179745E0
1.241960E2 3.766321E0
1.242293E2 3.412105E0
1.242627E2 2.813541E0
1.242960E2 2.095274E0
1.243293E2 1.576722E0
1.243626E2 9.771330E-1
1.243959E2 2.051093E-1
1.244292E2 -5.706063E-1
1.244625E2 -1.354134E0
1.244958E2 -1.954681E0
1.245291E2 -2.611898E0
1.245624E2 -3.145338E0
1.245957E2 -3.646578E0
1.246290E2 -4.101625E0
1.246623E2 -4.215764E0
1.246956E2 -4.524466E0
1.247289E2 -4.860297E0
1.247622E2 -4.865257E0
1.247955E2 -4.869331E0
1.248288E2 -4.821429E0
1.248621E2 -4.809924E0
1.248955E2 -4.536241E0
1.249288E2 -4.244776E0
1.249621E2 -3.765149E0
1.249954E2 -3.204229E0
1.250287E2 -2.457318E0
1.250620E2 -1.887587E0
1.250953E2 -1.273628E0
1.251286E2 -6.673271E-1
1.251619E2 -9.739797E-2
1.251952E2 6.736437E-1
1.252285E2 1.285704E0
1.252618E2 1.996723E0
1.252951E2 2.721474E0
1.253284E2 3.199935E0
1.253617E2 3.708997E0
1.253950E2 4.169200E0
1.254283E2 4.682458E0
1.254616E2 4.872580E0
1.254950E2 5.062122E0
1.255283E2 5.154231E0
1.255616E2 5.170536E0
1.255949E2 5.171254E0
1.256282E2 5.095917E0
1.256615E2 4.971691E0
1.256948E2 4.530178E0
1.257281E2 4.149245E0
1.257614E2 3.608743E0
1.257947E2 3.112265E0
1.258280E2 2.599191E0
1.258613E2 1.929362E0
1.258946E2 1.283565E0
1.259279E2 6.491557E-1
1.259612E2 -6.997776E-2
1.259945E2 -6.857669E-1
1.260278E2 -1.482695E0
1.260611E2 -2.108256E0
1.260945E2 -2.654954E0
1.261278E2 -3.405931E0
1.261611E2 -3.782999E0
1.261944E2 -4.180412E0
1.262277E2 -4.427559E0
1.262610E2 -4.936397E0
1.262943E2 -5.041559E0
1.263276E2 -4.863582E0
1.263609E2 -4.857260E0
1.263942E2 -4.780613E0
1.264275E2 -4.753409E0
1.264608E2 -4.252682E0
1.264941E2 -3.960326E0
1.265274E2 -3.640908E0
1.265607E2 -3.082545E0
1.265940E2 -2.544556E0
1.266273E2 -1.861966E0
1.266606E2 -1.149725E0
1.266939E2 -3.315175E-1
1.267273E2 2.571438E-1
1.267606E2 8.517043E-1
1.267939E2 1.504722E0
1.268272E2 2.157083E0
1.268605E2 2.729192E0
1.268938E2 3.328670E0
1.269271E2 3.795263E0
1.269604E2 4.312414E0
1.269937E2 4.801279E0
1.270270E2 5.042736E0
1.270603E2 5.137861E0
1.270936E2 5.205776E0
1.271269E2 5.219354E0
1.271602E2 5.185102E0
1.271935E2 4.916782E0
1.272268E2 4.645699E0
1.272601E2 4.427387E0
1.272934E2 4.047728E0
1.273268E2 3.551305E0
1.273601E2 2.927215E0
1.273934E2 2.313153E0
1.274267E2 1.423651E0
1.274600E2 8.978318E-1
1.274933E2 2.715913E-1
1.275266E2 -4.867299E-1
1.275599E2 -1.029452E0
1.275932E2 -1.803850E0
1.276265E2 -2.286697E0
1.276598E2 -2.849999E0
1.276931E2 -3.500625E0
1.277264E2 -3.949142E0
1.277597E2 -4.352658E0
1.277930E2 -4.622102E0
1.278263E2 -4.810195E0
1.278596E2 -4.835106E0
1.278929E2 -4.823450E0
1.279263E2 -4.825190E0
1.279596E2 -4.670898E0
1.279929E2 -4.257440E0
1.280262E2 -3.899649E0
1.280595E2 -3.682525E0
1.280928E2 -3.005849E0
1.281261E2 -2.524085E0
1.281594E2 -1.719763E0
1.281927E2 -1.057190E0
1.282260E2 -5.832818E-1
1.282593E2 2.029232E-1
1.282926E2 6.679629E-1
1.283259E2 1.365783E0
1.283592E2 2.264292E0
1.283925E2 2.704246E0
1.284258E2 3.193018E0
1.284591E2 3.743699E0
1.284924E2 4.106535E0
1.285257E2 4.686593E0
1.285591E2 4.881215E0
1.285924E2 4.963798E0
1.286257E2 4.975241E0
1.286590E2 4.976642E0
1.286923E2 4.951898E0
1.287256E2 4.790596E0
1.287589E2 4.551352E0
1.287922E2 4.260327E0
1.288255E2 3.690236E0
1.288588E2 3.400297E0
1.288921E2 2.973719E0
1.289254E2 2.409972E0
1.289587E2 1.712973E0
1.289920E2 9.996126E-1
1.290253E2 3.333794E-1
1.290586E2 -2.477239E-1
1.290919E2 -9.516573E-1
1.291252E2 -1.624622E0
1.291586E2 -2.327680E0
1.291919E2 -2.913793E0
1.292252E2 -3.424334E0
1.292585E2 -3.831693E0
1.292918E2 -4.325120E0
1.293251E2 -4.657862E0
1.293584E2 -4.917806E0
1.293917E2 -4.984063E0
1.294250E2 -5.014941E0
1.294583E2 -5.024315E0
1.294916E2 -4.883865E0
1.295249E2 -4.612373E0
1.295582E2 -4.243734E0
1.295915E2 -3.848480E0
1.296248E2 -3.530344E0
1.296581E2 -2.914419E0
1.296914E2 -2.197491E0
1.297247E2 -1.563731E0
1.297581E2 -6.627252E-1
1.297914E2 -1.291253E-1
1.298247E2 3.585028E-1
1.298580E2 1.120548E0
1.298913E2 1.886851E0
1.299246E2 2.614550E0
1.299579E2 3.173483E0
1.299912E2 3.699975E0
1.300245E2 3.808995E0
1.300578E2 4.244903E0
1.300911E2 4.600741E0
1.301244E2 4.858515E0
1.301577E2 5.043035E0
1.301910E2 5.070002E0
1.302243E2 5.071641E0
1.302576E2 4.999364E0
1.302909E2 4.709746E0
1.303242E2 4.442306E0
1.303575E2 4.118016E0
1.303909E2 3.690958E0
1.304242E2 3.239131E0
1.304575E2 2.573170E0
1.304908E2 2.025186E0
1.305241E2 1.420630E0
1.305574E2 7.702193E-1
1.305907E2 7.133380E-2
1.306240E2 -7.324106E-1
1.306573E2 -1.345197E0
1.306906E2 -1.950535E0
1.307239E2 -2.534461E0
1.307572E2 -3.013678E0
1.307905E2 -3.486702E0
1.308238E2 -4.090660E0
1.308571E2 -4.315122E0
1.308904E2 -4.623590E0
1.309237E2 -4.797584E0
1.309570E2 -4.883963E0
1.309904E2 -4.886110E0
1.310237E2 -4.818822E0
1.310570E2 -4.621947E0
1.310903E2 -4.357362E0
1.311236E2 -3.985626E0
1.311569E2 -3.635366E0
1.311902E2 -3.083635E0
1.312235E2 -2.493454E0
1.312568E2 -1.883292E0
1.312901E2 -1.187536E0
1.313234E2 -5.098594E-1
1.313567E2 2.024437E-1
1.313900E2 5.944217E-1
1.314233E2 1.170964E0
1.314566E2 1.897120E0
1.314899E2 2.526880E0
1.315232E2 3.020489E0
1.315565E2 3.501736E0
1.315899E2 3.836471E0
1.316232E2 4.297824E0
1.316565E2 4.556187E0
1.316898E2 4.744693E0
1.317231E2 4.871938E0
1.317564E2 4.862119E0
1.317897E2 4.815622E0
1.318230E2 4.758308E0
1.318563E2 4.420909E0
1.318896E2 4.039119E0
1.319229E2 3.716268E0
1.319562E2 3.151623E0
1.319895E2 2.634760E0
1.320228E2 2.076578E0
1.320561E2 1.373177E0
1.320894E2 8.911879E-1
1.321227E2 4.277710E-1
1.321560E2 -4.170977E-1
1.321893E2 -9.335573E-1
1.322227E2 -1.470094E0
1.322560E2 -2.029486E0
1.322893E2 -2.577382E0
1.323226E2 -3.144914E0
1.323559E2 -3.453179E0
1.323892E2 -4.135595E0
1.324225E2 -4.272798E0
1.324558E2 -4.503591E0
1.324891E2 -4.518756E0
1.325224E2 -4.526681E0
1.325557E2 -4.502761E0
1.325890E2 -4.360139E0
1.326223E2 -4.148216E0
1.326556E2 -3.900861E0
1.326889E2 -3.608553E0
1.327222E2 -3.090856E0
1.327555E2 -2.586364E0
1.327888E2 -1.937136E0
1.328222E2 -1.445331E0
1.328555E2 -8.687321E-1
1.328888E2 -1.768289E-1
1.329221E2 5.450012E-1
1.329554E2 1.277265E0
1.329887E2 1.984943E0
1.330220E2 2.540695E0
1.330553E2 2.890289E0
1.330886E2 3.454985E0
1.331219E2 3.975672E0
1.331552E2 4.354492E0
1.331885E2 4.711691E0
1.332218E2 4.999525E0
1.332551E2 5.075879E0
1.332884E2 5.064815E0
1.333217E2 5.046407E0
1.333550E2 4.888388E0
